mgc
0.000313043
ofv
24014.3
ofv_ideal
10070.1
nsp
1
nf
3410
nFIC
2
yrs
 1978 1979 1980 1981 1982 1983 1984 1985 1986 1987 1988 1989 1990 1991 1992 1993 1994 1995 1996 1997 1998 1999 2000 2001 2002 2003 2004 2005 2006 2007
nyr
 30
nage
 31
FICnseg
 1
M1nseg
1
M1yr
 1978
agePR
 13
ageFR
 15
ficFR
 4
FICfage
 1 1
FIClage
 31 31
FICs.lage
 1
Ft
 0.106367 0.144842 0.164113 0.176626 0.198889 0.20847 0.214611 0.203073 0.191313 0.185652 0.198766 0.213374 0.410999 0.437825 0.354069 0.518153 0.28143 0.462187 0.370379 0.262189 0.228545 0.225487 0.155565 0.117163 0.114029 0.0632938 0.0941238 0.0735524 0.0966368 0.121206
nFt
 30
nsel
 2
FICnsel
 3
obs.sumC
 1189.6 1189.6 1189.6 1189.6 704 610 1508 1678 1448 2031 1771 1410 2249 1883 3322 2947 2272 2291 2213 919 751 404 6082 649 2077 1312 1263 2897 4857 3392
obs.totc
 2.03017 2.59951 2.707 2.89976 2.97835 2.84596 2.68787 2.37527 2.10588 1.96537 2.03336 2.12573 3.63851 2.74516 3.69138 3.4655 2.92537 3.50407 3.46344 2.37208 2.6244 2.25719 1.5603 1.17385 1.08272 0.68557 0.929145 0.874938 0.985925 1.18126
pred.totc
 1.86845 2.37896 2.47242 2.43733 2.514 2.42283 2.32016 2.08535 1.91405 1.84432 1.96969 2.09918 3.70041 2.8513 4.54627 4.4345 3.73964 4.4639 4.95859 2.61607 2.90911 2.37229 1.60289 1.1246 1.02346 0.67061 0.874218 0.833537 0.947349 1.14013
resid.totc
 0.082971 0.0886239 0.0906071 0.173658 0.169431 0.160905 0.147053 0.130116 0.0954617 0.0635348 0.0317983 0.0125627 -0.016864 -0.0379233 -0.208256 -0.246495 -0.245494 -0.242037 -0.358771 -0.0978645 -0.102958 -0.0497146 -0.0269138 0.042829 0.0562287 0.0220302 0.0608674 0.0484174 0.0398714 0.0354108
Age1
 -0.478975 3.17689 1.10951 2.35584 0.690242 2.79939 0.967356 1.84294 0.530721 0.717113 0.814554 0.392295 1.87437 -1.0961 1.45675 -0.681945 -2.34669 0.321226 -0.982227 -1.48743 -2.61826 -1.80071 1.59136 -2.69278 0.409343 3.23826 2.3022 -0.0418377 3.69056
FICmonth.1
 4 10
sel.1
 0 0 0 0 0 0 0 0 0 0 0 0 0.634511 0.463416 1 1 1 1 1 1 1 1 1 1 1 1 1 1 1 1 1
FICsel.1
 0.0145912 1 1 1 1 1 1 1 1 1 1 1 1 1 1 1 1 1 1 1 1 1 1 1 1 1 1 1 1 1 1
FIC.q.1
 0.829148
 0.778303
FIC.yr.1
 0
M1.1
 0.092 0.092 0.092 0.092 0.092 0.092 0.092 0.092 0.092 0.092 0.092 0.092 0.092 0.092 0.092 0.092 0.092 0.092 0.092 0.092 0.092 0.092 0.092 0.092 0.092 0.092 0.092 0.092 0.092 0.092 0.092
obs.cplen.1
 0 0 0 0 0 0 0 0 0 0 0 0 0 0 0 0 0 0 0 0 0 0 0 0 0 0 0 0 0 0 0 0 0 0 0 0 0 0 0 0 0 0 0 0 0 0.000168124 0 0 0 0 0.000168124 0.000168124 0.000504371 0.000504371 0.000168124 0.000504371 0.00134499 0.00117687 0.00100874 0.00252186 0.00100874 0.0028581 0.00420309 0.00319435 0.00470746 0.00521184 0.00537996 0.00739744 0.0102555 0.0134499 0.0127774 0.0171486 0.021688 0.0247142 0.0245461 0.0349697 0.0416947 0.0440484 0.0600202 0.0603564 0.0699395 0.0702757 0.0741426 0.0642233 0.0677539 0.0571621 0.044889 0.0386685 0.0316073 0.021688 0.0151311 0.0099193 0.0070612 0.00420309 0.00369872 0.00168124 0.00218561 0.00168124 0.00201748 0.000672495 0.00168124 0.000672495 0.000336247 0.000336247 0.000168124 0.000336247 0 0
 0 0 0 0 0 0 0 0 0 0 0 0 0 0 0 0 0 0 0 0 0 0 0 0 0 0 0 0 0 0 0 0 0 0 0 0 0 0 0 0 0 0 0 0 0 0.000168124 0 0 0 0 0.000168124 0.000168124 0.000504371 0.000504371 0.000168124 0.000504371 0.00134499 0.00117687 0.00100874 0.00252186 0.00100874 0.0028581 0.00420309 0.00319435 0.00470746 0.00521184 0.00537996 0.00739744 0.0102555 0.0134499 0.0127774 0.0171486 0.021688 0.0247142 0.0245461 0.0349697 0.0416947 0.0440484 0.0600202 0.0603564 0.0699395 0.0702757 0.0741426 0.0642233 0.0677539 0.0571621 0.044889 0.0386685 0.0316073 0.021688 0.0151311 0.0099193 0.0070612 0.00420309 0.00369872 0.00168124 0.00218561 0.00168124 0.00201748 0.000672495 0.00168124 0.000672495 0.000336247 0.000336247 0.000168124 0.000336247 0 0
 0 0 0 0 0 0 0 0 0 0 0 0 0 0 0 0 0 0 0 0 0 0 0 0 0 0 0 0 0 0 0 0 0 0 0 0 0 0 0 0 0 0 0 0 0 0.000168124 0 0 0 0 0.000168124 0.000168124 0.000504371 0.000504371 0.000168124 0.000504371 0.00134499 0.00117687 0.00100874 0.00252186 0.00100874 0.0028581 0.00420309 0.00319435 0.00470746 0.00521184 0.00537996 0.00739744 0.0102555 0.0134499 0.0127774 0.0171486 0.021688 0.0247142 0.0245461 0.0349697 0.0416947 0.0440484 0.0600202 0.0603564 0.0699395 0.0702757 0.0741426 0.0642233 0.0677539 0.0571621 0.044889 0.0386685 0.0316073 0.021688 0.0151311 0.0099193 0.0070612 0.00420309 0.00369872 0.00168124 0.00218561 0.00168124 0.00201748 0.000672495 0.00168124 0.000672495 0.000336247 0.000336247 0.000168124 0.000336247 0 0
 0 0 0 0 0 0 0 0 0 0 0 0 0 0 0 0 0 0 0 0 0 0 0 0 0 0 0 0 0 0 0 0 0 0 0 0 0 0 0 0 0 0 0 0 0 0.000168124 0 0 0 0 0.000168124 0.000168124 0.000504371 0.000504371 0.000168124 0.000504371 0.00134499 0.00117687 0.00100874 0.00252186 0.00100874 0.0028581 0.00420309 0.00319435 0.00470746 0.00521184 0.00537996 0.00739744 0.0102555 0.0134499 0.0127774 0.0171486 0.021688 0.0247142 0.0245461 0.0349697 0.0416947 0.0440484 0.0600202 0.0603564 0.0699395 0.0702757 0.0741426 0.0642233 0.0677539 0.0571621 0.044889 0.0386685 0.0316073 0.021688 0.0151311 0.0099193 0.0070612 0.00420309 0.00369872 0.00168124 0.00218561 0.00168124 0.00201748 0.000672495 0.00168124 0.000672495 0.000336247 0.000336247 0.000168124 0.000336247 0 0
 0 0 0 0 0 0 0 0 0 0 0 0 0 0 0 0 0 0 0 0 0 0 0 0 0 0 0 0 0 0 0 0 0 0 0 0 0 0 0 0 0 0 0 0 0 0 0 0 0 0 0 0 0 0 0 0.00142045 0.00142045 0.00284091 0.00142045 0 0 0.00142045 0.00284091 0 0 0 0.00284091 0 0.00142045 0.00284091 0.00568182 0.0113636 0.0127841 0.0127841 0.015625 0.0369318 0.0411932 0.0369318 0.0568182 0.0553977 0.0681818 0.0823864 0.0909091 0.0852273 0.0838068 0.0610795 0.0497159 0.046875 0.0397727 0.0284091 0.0213068 0.0142045 0.015625 0.00142045 0.00426136 0.00284091 0 0 0 0 0 0 0 0 0 0 0 0
 0 0 0 0 0 0 0 0 0 0 0 0 0 0 0 0 0 0 0 0 0 0 0 0 0 0 0 0 0 0 0 0 0 0 0 0 0 0 0 0 0 0 0 0 0 0 0 0 0 0 0 0 0 0 0 0 0 0 0.00163934 0 0 0.00163934 0 0.00327869 0.00327869 0.00491803 0.00163934 0.00491803 0.0114754 0.0196721 0.0131148 0.0229508 0.0213115 0.0295082 0.0245902 0.0377049 0.0540984 0.0540984 0.0672131 0.0590164 0.0639344 0.0688525 0.0754098 0.0803279 0.0540984 0.0622951 0.0491803 0.0344262 0.0180328 0.0213115 0.0147541 0.0114754 0.00327869 0.00163934 0.00163934 0 0.00163934 0 0.00163934 0 0 0 0 0 0 0 0 0
 0 0 0 0 0 0 0 0 0 0 0 0 0 0 0 0 0 0 0 0 0 0 0 0 0 0 0 0 0 0 0 0 0 0 0 0 0 0 0 0 0 0 0 0 0 0.00066313 0 0 0 0 0 0 0.00066313 0 0 0 0 0 0 0.00066313 0 0 0.00066313 0.00198939 0.00331565 0.00198939 0.00331565 0.00397878 0.00795756 0.0112732 0.00994695 0.0145889 0.0192308 0.0198939 0.0212202 0.0351459 0.0344828 0.0431034 0.0503979 0.0550398 0.0769231 0.0769231 0.081565 0.0583554 0.0643236 0.0656499 0.0477454 0.0437666 0.0271883 0.0265252 0.0185676 0.0132626 0.00729443 0.0066313 0.00795756 0.00464191 0.00530504 0.00530504 0.00596817 0.00265252 0.0066313 0.00265252 0.00132626 0.00132626 0.00066313 0.00132626 0 0
 0 0 0 0 0 0 0 0 0 0 0 0 0 0 0 0 0 0 0 0 0 0 0 0 0 0 0 0 0 0 0 0 0 0 0 0 0 0 0 0 0 0 0 0 0 0 0 0 0 0 0 0 0.000595948 0.000595948 0 0.000595948 0.0011919 0.00178784 0 0.00178784 0.0011919 0.00297974 0.00238379 0.00297974 0.00595948 0.00595948 0.00536353 0.0107271 0.0143027 0.0125149 0.0125149 0.0166865 0.0292014 0.0315852 0.0303933 0.0351609 0.0423123 0.0411204 0.0655542 0.0619785 0.0762813 0.068534 0.0738975 0.0589988 0.0715137 0.056615 0.0435042 0.0351609 0.0309893 0.0190703 0.0107271 0.00595948 0.00417163 0.00357569 0.000595948 0 0.0011919 0.0011919 0.000595948 0 0 0 0 0 0 0 0 0
 0 0 0 0 0 0 0 0 0 0 0 0 0 0 0 0 0 0 0 0 0 0 0 0 0 0 0 0 0 0 0 0 0 0 0 0 0 0 0 0 0 0 0 0 0 0 0 0 0 0 0.000690608 0.000690608 0.000690608 0.00138122 0.000690608 0.000690608 0.00345304 0.00138122 0.00276243 0.00759669 0.00276243 0.00690608 0.0124309 0.00621547 0.00759669 0.0103591 0.0103591 0.0117403 0.0117403 0.019337 0.019337 0.0207182 0.0200276 0.0255525 0.0255525 0.0324586 0.0435083 0.0476519 0.0621547 0.066989 0.0587017 0.0600829 0.058011 0.0593923 0.0649171 0.0448895 0.0393646 0.035221 0.038674 0.0165746 0.0138122 0.00828729 0.00759669 0.00483425 0.00345304 0.000690608 0.00138122 0 0.000690608 0 0 0 0 0 0 0 0 0
 0 0 0 0 0 0 0 0 0 0 0 0 0 0 0 0 0 0 0 0 0 0 0 0 0 0 0 0 0 0 0 0 0 0 0 0 0 0 0 0 0 0 0 0 0 0 0 0 0 0 0 0 0 0.000492368 0 0.00196947 0.0014771 0.00393895 0.00492368 0.00787789 0.00689316 0.00984737 0.0103397 0.0172329 0.00984737 0.0132939 0.0167405 0.01871 0.0246184 0.0221566 0.0344658 0.033481 0.0359429 0.0369276 0.042836 0.0462826 0.0384047 0.0507139 0.0393895 0.05613 0.0423437 0.046775 0.0526834 0.0472674 0.0462826 0.0354505 0.0369276 0.0300345 0.0211718 0.0206795 0.0132939 0.00886263 0.00640079 0.0014771 0.00246184 0.0014771 0.000984737 0 0 0 0.000492368 0 0 0 0 0 0 0
 0 0 0 0 0 0 0 0 0 0 0 0 0 0 0 0 0 0 0 0 0 0 0 0 0 0 0 0 0 0 0 0 0 0 0 0 0 0 0 0 0 0 0 0 0 0 0 0 0 0 0 0 0 0 0 0 0 0 0.000564653 0 0.000564653 0.000564653 0.00112931 0.00112931 0.00282326 0.00225861 0.00338792 0.00282326 0.0095991 0.0095991 0.0180689 0.0214568 0.0163749 0.0254094 0.0310559 0.0344438 0.0440429 0.0446076 0.0547713 0.0575946 0.0592885 0.0592885 0.0705816 0.066629 0.0671937 0.0649351 0.055336 0.0451722 0.0378317 0.0327499 0.0220215 0.012987 0.0107284 0.00338792 0.00451722 0.00282326 0.000564653 0.00112931 0.000564653 0 0 0 0 0 0 0 0 0
 0 0 0 0 0 0 0 0 0 0 0 0 0 0 0 0 0 0 0 0 0 0 0 0 0 0 0 0 0 0 0 0 0 0 0 0 0 0 0 0 0 0 0 0 0 0 0 0 0 0 0 0 0 0 0 0 0 0 0.00070922 0 0.00141844 0.00212766 0.00425532 0.00425532 0.00212766 0.0113475 0.00992908 0.0113475 0.0113475 0.0234043 0.0191489 0.0276596 0.0326241 0.0397163 0.0510638 0.0361702 0.0539007 0.058156 0.0567376 0.0602837 0.0553191 0.0560284 0.0496454 0.0631206 0.058156 0.0468085 0.0404255 0.0340426 0.0205674 0.0191489 0.0170213 0.00496454 0.00921986 0.00212766 0.00070922 0.00283688 0.00141844 0 0 0.00070922 0 0 0 0 0 0 0 0
 0 0 0 0 0 0 0 0 0 0 0 0 0 0 0 0 0 0 0 0 0 0 0 0 0 0 0 0 0 0 0 0 0 0 0 0 0 0 0 0 0 0 0 0 0 0 0 0 0 0 0 0 0 0 0 0 0 0 0 0.00133393 0.000889284 0.000889284 0.00266785 0.00177857 0.00177857 0.00622499 0.0102268 0.0115607 0.0111161 0.0222321 0.0266785 0.0320142 0.0302357 0.0364606 0.0409071 0.0475767 0.0586928 0.0626945 0.053357 0.0551356 0.0675856 0.0555803 0.0613606 0.0524678 0.0515785 0.0506892 0.0337928 0.0315696 0.0226767 0.0200089 0.0133393 0.0111161 0.00622499 0.00177857 0.00177857 0.000889284 0.00133393 0 0.000889284 0 0 0.000444642 0 0 0 0 0 0.000444642
 0 0 0 0 0 0 0 0 0 0 0 0 0 0 0 0 0 0 0 0 0 0 0 0 0 0 0 0 0 0 0 0 0 0 0 0 0 0 0 0 0 0 0 0 0 0 0 0.000531067 0.00265534 0.00265534 0.0031864 0.0031864 0.0111524 0.0143388 0.0100903 0.00477961 0.00955921 0.00796601 0.0116835 0.00637281 0.00212427 0.00531067 0.00902815 0.0031864 0.0100903 0.00531067 0.00902815 0.0116835 0.0223048 0.0254912 0.0260223 0.031864 0.0451407 0.0467339 0.0451407 0.0456718 0.0568242 0.0493893 0.0403611 0.0483271 0.0414233 0.0462029 0.0477961 0.0504514 0.0387679 0.0270844 0.0297398 0.0286776 0.0164631 0.0148699 0.00796601 0.00955921 0.00424854 0.0031864 0.00371747 0.00106213 0.00106213 0.000531067 0 0 0 0 0 0 0 0 0 0
 0 0 0 0 0 0 0 0 0 0 0 0 0 0 0 0 0 0 0 0 0 0 0 0 0 0 0 0 0 0 0 0 0 0 0 0 0 0 0 0 0 0 0 0 0 0 0 0 0 0 0 0 0 0 0 0 0 0.000301023 0 0.000301023 0.00090307 0.00210716 0.00210716 0.00301023 0.00541842 0.00571945 0.00812763 0.012342 0.0192655 0.0240819 0.0361228 0.0415412 0.0493679 0.0535822 0.0547863 0.0568934 0.0568934 0.0556893 0.063516 0.0577965 0.0586996 0.051475 0.0418423 0.0433474 0.0346177 0.0313064 0.0310054 0.0228778 0.0210716 0.0198675 0.012342 0.00812763 0.00481638 0.00301023 0.00210716 0.00180614 0.000301023 0.00090307 0.000602047 0 0 0 0 0 0 0 0 0
 0 0 0 0 0 0 0 0 0 0 0 0 0 0 0 0 0 0 0 0 0 0 0 0 0 0 0 0 0 0 0 0 0 0 0 0 0 0 0 0 0 0 0 0 0 0 0 0 0 0 0 0 0 0 0 0 0.000339328 0 0 0.00101798 0.00135731 0.00305395 0.0023753 0.00441127 0.00576858 0.00984052 0.0152698 0.0210383 0.0271463 0.0298609 0.0376654 0.0485239 0.0508992 0.0678656 0.0695623 0.0637937 0.0695623 0.0654903 0.0665083 0.0512385 0.0505599 0.043434 0.0441127 0.0298609 0.0308789 0.0264676 0.020699 0.0128945 0.00916186 0.00576858 0.00441127 0.00475059 0.00135731 0.00135731 0.000339328 0.00135731 0 0 0 0 0 0 0 0 0 0 0 0
 0 0 0 0 0 0 0 0 0 0 0 0 0 0 0 0 0 0 0 0 0 0 0 0 0 0 0 0 0 0 0 0 0 0 0 0 0 0 0 0 0 0 0 0 0 0 0 0 0 0 0 0 0.000440141 0 0 0.000880282 0 0.000440141 0.000440141 0.0022007 0.0022007 0.00704225 0.0171655 0.0167254 0.0198063 0.0360915 0.0325704 0.0510563 0.0536972 0.0620599 0.0625 0.0567782 0.0585387 0.056338 0.0545775 0.0669014 0.0514965 0.0440141 0.0510563 0.0440141 0.0290493 0.0338908 0.0176056 0.0162852 0.0140845 0.0101232 0.00660211 0.00528169 0.00528169 0.00484155 0.00396127 0.00132042 0.00132042 0.000880282 0 0 0.000440141 0 0 0 0 0 0 0 0 0 0 0
 0 0 0 0 0 0 0 0 0 0 0 0 0 0 0 0 0 0 0 0 0 0 0 0 0 0 0 0 0 0 0 0 0 0 0 0 0 0 0 0 0 0 0 0 0 0 0.000436491 0 0 0 0 0 0.00218245 0.000872981 0.00349192 0.00261894 0.00698385 0.00611087 0.00567438 0.0122217 0.0130947 0.0170231 0.024007 0.0226975 0.0305543 0.0336098 0.0405936 0.0536883 0.0528154 0.0597992 0.0589262 0.0619817 0.0654736 0.0659101 0.0528154 0.0615452 0.0458315 0.0397206 0.0401571 0.024007 0.0192056 0.0187691 0.0157137 0.0104758 0.00960279 0.00742034 0.00523789 0.00261894 0.000872981 0.00174596 0.000872981 0.00130947 0.000436491 0.000436491 0 0 0.000436491 0 0 0 0 0 0 0 0 0 0 0
 0 0 0 0 0 0 0 0 0 0 0 0 0 0 0 0 0 0 0 0 0 0 0 0 0 0 0 0 0 0 0 0 0 0 0 0 0 0 0 0 0 0 0 0 0 0.000451875 0 0 0 0.000451875 0 0.00135563 0.00271125 0.00316313 0.00948938 0.010845 0.0171713 0.0212381 0.0271125 0.039765 0.0366019 0.0424763 0.0442838 0.0488025 0.05784 0.0569363 0.0501582 0.0605513 0.0497063 0.0610032 0.0533213 0.0456394 0.0497063 0.0379575 0.0366019 0.025305 0.0280163 0.0212381 0.0162675 0.0117488 0.00813376 0.00723 0.00451875 0.0054225 0.00135563 0.00135563 0.0018075 0.000451875 0.000451875 0.000903751 0 0 0.000451875 0 0 0 0 0 0 0 0 0 0 0 0 0 0 0
 0 0 0 0 0 0 0 0 0 0 0 0 0 0 0 0 0 0 0 0 0 0 0 0 0 0 0 0 0 0 0 0 0 0 0 0 0 0 0 0 0 0 0 0 0 0 0 0 0 0.00108814 0.00108814 0 0.00326442 0.00979325 0.0141458 0.0272035 0.0413493 0.0554951 0.0609358 0.054407 0.0696409 0.0674646 0.0620239 0.0598477 0.0707291 0.0631121 0.0522307 0.0511425 0.0478781 0.039173 0.0337323 0.0293798 0.0250272 0.0152339 0.0152339 0.0228509 0 0.00108814 0 0.00326442 0.00108814 0.00108814 0 0 0 0 0 0 0 0 0 0 0 0 0 0 0 0 0 0 0 0 0 0 0 0 0 0
 0 0 0 0 0 0 0 0 0 0 0 0 0 0 0 0 0 0 0 0 0 0 0 0 0 0 0 0 0 0 0 0 0 0 0 0 0 0.00133156 0.00133156 0.00399467 0.00266312 0.00532623 0.00665779 0.00133156 0.00532623 0.00665779 0.00665779 0.00532623 0.0106525 0.00665779 0.0146471 0.0146471 0.0173103 0.0199734 0.0279627 0.0252996 0.0479361 0.0505992 0.057257 0.0412783 0.0466045 0.0372836 0.0386152 0.0412783 0.0359521 0.0359521 0.0505992 0.0519308 0.0372836 0.0319574 0.0372836 0.0226365 0.0266312 0.0292943 0.0146471 0.0226365 0.0213049 0.00932091 0.0106525 0.00798935 0.00266312 0.00266312 0.00133156 0.00266312 0 0 0 0 0 0 0 0 0 0 0 0 0 0 0 0 0 0 0 0 0 0 0 0
 0 0 0 0 0 0 0 0 0 0 0 0 0 0 0 0 0 0 0 0 0 0 0 0 0 0 0 0 0 0 0 0 0 0 0 0 0 0 0 0 0 0 0 0 0 0.00247525 0 0.00990099 0 0.00247525 0.0222772 0.0148515 0.019802 0.0222772 0.0222772 0.0346535 0.0470297 0.0717822 0.0816832 0.0618812 0.0594059 0.0816832 0.0544554 0.0519802 0.0470297 0.0346535 0.0371287 0.039604 0.0247525 0.0272277 0.0222772 0.019802 0.019802 0.0173267 0.00742574 0 0.0148515 0.0049505 0.0148515 0.00247525 0 0.0049505 0 0 0 0 0 0 0 0 0 0 0 0 0 0 0 0 0 0 0 0 0 0 0 0 0 0
 0 0 0 0 0 0 0 0 0 0 0 0 0 0 0 0 0 0 0 0 0 0 0 0 0 0 0 0 0 0 0 0 0 0 0 0 0 0 0 0 0.00016442 0 0.00016442 0.00016442 0.000328839 0.000328839 0.000986518 0.000328839 0.00180862 0.00279513 0.00345281 0.00378165 0.0083854 0.00937192 0.0124959 0.0187438 0.020388 0.0246629 0.0300888 0.0341993 0.0430779 0.0460375 0.0427491 0.0471884 0.0557382 0.067412 0.0631371 0.0657678 0.0593555 0.058369 0.0570536 0.0458731 0.039954 0.0353502 0.0233476 0.0220322 0.0175929 0.0108517 0.00854982 0.00559027 0.00509701 0.00213745 0.00230187 0.000657678 0.000822098 0.000328839 0 0.00016442 0.000657678 0.00016442 0 0 0 0 0 0 0 0 0 0 0 0 0 0 0 0 0 0
 0 0 0 0 0 0 0 0 0 0 0 0 0 0 0 0 0 0 0 0 0 0 0 0 0 0 0 0 0 0 0 0 0 0 0 0 0 0 0 0 0 0 0 0 0 0 0 0 0 0 0 0.00154083 0.00154083 0.00308166 0.0046225 0.00770416 0.0169492 0.0246533 0.0261941 0.0416025 0.0416025 0.0416025 0.0508475 0.05547 0.0662558 0.0662558 0.0755008 0.0739599 0.0662558 0.0585516 0.0446841 0.0385208 0.0523883 0.0354391 0.0354391 0.0200308 0.0123267 0.0138675 0.0107858 0.00770416 0.00308166 0.00154083 0 0 0 0 0 0 0 0 0 0 0 0 0 0 0 0 0 0 0 0 0 0 0 0 0 0
 0 0 0 0 0 0 0 0 0 0 0 0 0 0 0 0 0 0 0 0 0 0 0 0 0 0 0 0 0 0 0 0 0 0 0 0 0 0 0 0 0 0 0 0 0 0 0 0 0.000481464 0.000481464 0.000481464 0.00240732 0.00240732 0.00192585 0.00240732 0.00722195 0.00625903 0.00914781 0.0163698 0.0178142 0.0182956 0.0192585 0.0245546 0.0361098 0.0447761 0.0481464 0.0611459 0.0597015 0.0587386 0.0866635 0.0736639 0.0717381 0.0779971 0.0515166 0.0510351 0.03948 0.033221 0.0202215 0.01974 0.0149254 0.00962927 0.00481464 0.00240732 0.00192585 0.000962927 0.000962927 0.000481464 0.000481464 0 0 0 0 0 0 0 0 0 0 0 0 0 0 0 0 0 0 0 0
 0 0 0 0 0 0 0 0 0 0 0 0 0 0 0 0 0 0 0 0 0 0 0 0 0 0 0 0 0 0 0 0 0 0 0 0 0 0 0 0 0 0 0 0 0 0.000762195 0 0 0.000762195 0.000762195 0.00228659 0.00914634 0.0106707 0.0106707 0.0137195 0.0175305 0.0144817 0.0129573 0.0266768 0.0121951 0.0259146 0.0297256 0.03125 0.0472561 0.0464939 0.0518293 0.054878 0.066311 0.054878 0.0670732 0.0647866 0.0617378 0.058689 0.0533537 0.0381098 0.0297256 0.0266768 0.0221037 0.0121951 0.0137195 0.00381098 0.00304878 0.00304878 0.000762195 0 0 0 0 0 0 0 0 0 0 0 0 0 0 0 0 0 0 0 0 0 0 0 0
 0 0 0 0 0 0 0 0 0 0 0 0 0 0 0 0 0 0 0 0 0 0 0 0 0 0 0 0 0 0 0 0 0 0 0 0 0 0 0 0 0 0 0 0 0 0 0 0 0 0 0 0 0 0 0 0.000791766 0.00158353 0.000791766 0.0023753 0.00633413 0.0118765 0.0142518 0.0285036 0.0348377 0.0340459 0.0443389 0.0570071 0.0728424 0.0950119 0.0720507 0.074426 0.0696754 0.0673001 0.0514648 0.0570071 0.0577989 0.0387965 0.0285036 0.0277118 0.0118765 0.0126683 0.00712589 0.00791766 0.00475059 0.0023753 0.00158353 0.00158353 0 0 0 0.000791766 0 0 0 0 0 0 0 0 0 0 0 0 0 0 0 0 0
 0 0 0 0 0 0 0 0 0 0 0 0 0 0 0 0 0 0 0 0 0 0 0 0 0 0 0 0 0 0 0 0 0 0 0 0 0.000345185 0 0 0 0 0 0.000345185 0.000690369 0 0 0.00138074 0.00241629 0.000690369 0.00276148 0.00345185 0.00586814 0.0107007 0.0113911 0.01864 0.0227822 0.0303763 0.0314118 0.0400414 0.0403866 0.0438385 0.041077 0.0428029 0.0431481 0.0490162 0.0559199 0.0583362 0.0528133 0.0573007 0.0535036 0.0434933 0.0386607 0.0431481 0.0362444 0.0238177 0.0248533 0.0214014 0.0124266 0.0107007 0.00759406 0.00586814 0.00276148 0.00172592 0.00172592 0.00172592 0.00103555 0.000690369 0.000345185 0.000345185 0 0 0 0 0 0 0 0 0 0 0 0 0 0 0 0 0 0 0
 0 0 0 0 0 0 0 0 0 0 0 0 0 0 0 0 0 0 0 0 0 0 0 0 0 0 0 0 0 0 0 0 0 0 0 0 0 0 0 0 0 0 0 0.000205888 0 0.000411777 0 0.000205888 0.000823554 0.00164711 0.00205888 0.00329421 0.00494132 0.00823554 0.00823554 0.016677 0.0197653 0.0261478 0.0290303 0.0306774 0.0432366 0.0385011 0.0444719 0.0490014 0.0494132 0.0607371 0.0601194 0.0617665 0.0603253 0.0640313 0.0640313 0.0533251 0.0473543 0.0356187 0.0308833 0.0261478 0.0222359 0.0115298 0.00700021 0.00576488 0.00638254 0.00267655 0.00144122 0.000823554 0.000411777 0.000205888 0 0.000205888 0 0 0 0 0 0 0 0 0 0 0 0 0 0 0 0 0 0 0 0
 0 0 0 0 0 0 0 0 0 0 0 0 0 0 0 0 0 0 0 0 0 0 0 0 0 0 0 0 0 0 0 0 0 0 0 0 0 0 0 0 0 0 0 0 0 0.000294811 0 0 0.000294811 0.000589623 0.00176887 0.00206368 0.00235849 0.0053066 0.00943396 0.010908 0.0185731 0.0262382 0.0244693 0.0324292 0.0303656 0.0350825 0.0253538 0.037441 0.0471698 0.0568986 0.0607311 0.0619104 0.0660377 0.0651533 0.0657429 0.0645637 0.0486439 0.0439269 0.0409788 0.0330189 0.0200472 0.0159198 0.0126769 0.010908 0.00648585 0.00737028 0.00412736 0.00235849 0.000294811 0.000589623 0.000589623 0.000294811 0 0 0.000294811 0 0 0 0.000294811 0 0 0 0 0 0 0 0 0 0 0 0 0
pred.CAA.1
 0 0 0 0 0 0 0 0 0 0 0 0 0.0686409 0.0450679 0.0842855 0.0751022 0.0669195 0.0596283 0.0531315 0.0473426 0.0421844 0.0375882 0.0334928 0.0298436 0.026592 0.0236947 0.021113 0.0188127 0.0167629 0.0149365 0.0133091
 0 0 0 0 0 0 0 0 0 0 0 0 0.0945507 0.0582121 0.109781 0.0923928 0.0823261 0.0733563 0.0653638 0.0582421 0.0518964 0.046242 0.0412037 0.0367144 0.0327142 0.0291498 0.0259738 0.0231438 0.0206222 0.0183753 0.0309626
 0 0 0 0 0 0 0 0 0 0 0 0 0.109015 0.0656022 0.115838 0.0972529 0.0818493 0.0729314 0.0649852 0.0579048 0.0515958 0.0459742 0.0409651 0.0365017 0.0325247 0.028981 0.0258234 0.0230098 0.0205028 0.0182689 0.0437076
 0 0 0 0 0 0 0 0 0 0 0 0 0.11964 0.0711934 0.122695 0.0959258 0.0805351 0.0677794 0.0603945 0.0538143 0.047951 0.0427265 0.0380712 0.0339232 0.0302271 0.0269337 0.0239992 0.0213843 0.0190544 0.0169783 0.0513228
 0 0 0 0 0 0 0 0 0 0 0 0 0.136968 0.0810068 0.137434 0.104499 0.0816998 0.0685917 0.0577276 0.0514379 0.0458335 0.0408398 0.0363901 0.0324252 0.0288923 0.0257444 0.0229394 0.02044 0.018213 0.0162286 0.058172
 0 0 0 0 0 0 0 0 0 0 0 0 0.14653 0.0855124 0.144133 0.107205 0.0815148 0.06373 0.0535049 0.0450304 0.0401242 0.0357525 0.0318571 0.0283861 0.0252933 0.0225375 0.0200819 0.0178939 0.0159443 0.0142071 0.0580362
 0 0 0 0 0 0 0 0 0 0 0 0 0.154122 0.0894427 0.148658 0.10955 0.0814828 0.0619565 0.0484389 0.0406672 0.0342261 0.030497 0.0271742 0.0242134 0.0215753 0.0192245 0.0171299 0.0152635 0.0136005 0.0121187 0.0549095
 0 0 0 0 0 0 0 0 0 0 0 0 0.14981 0.0865212 0.143495 0.10409 0.076707 0.0570541 0.0433818 0.0339168 0.0284751 0.023965 0.0213539 0.0190273 0.0169542 0.0151069 0.013461 0.0119943 0.0106875 0.00952304 0.046933
 0 0 0 0 0 0 0 0 0 0 0 0 0.144991 0.0842727 0.139359 0.101207 0.0734147 0.0541015 0.0402403 0.0305972 0.0239215 0.0200835 0.0169025 0.0150609 0.01342 0.0119578 0.0106549 0.00949403 0.00845961 0.0075379 0.0398185
 0 0 0 0 0 0 0 0 0 0 0 0 0.144276 0.0844463 0.14059 0.102146 0.0741819 0.0538108 0.0396547 0.0294949 0.0224268 0.0175338 0.0147206 0.012389 0.0110392 0.00983642 0.0087647 0.00780974 0.00695884 0.00620064 0.0347108
 0 0 0 0 0 0 0 0 0 0 0 0 0.157484 0.0926075 0.15467 0.113318 0.0823316 0.0597919 0.0433725 0.0319624 0.0237734 0.0180764 0.0141325 0.0118651 0.00998579 0.00889779 0.00792834 0.00706451 0.0062948 0.00560895 0.0329754
 0 0 0 0 0 0 0 0 0 0 0 0 0.172283 0.10059 0.168367 0.123286 0.0903246 0.0656256 0.0476595 0.0345717 0.0254769 0.0189495 0.0144085 0.0112649 0.00945752 0.00795957 0.00709234 0.00631959 0.00563104 0.00501752 0.0307551
 0 0 0 0 0 0 0 0 0 0 0 0 0.320017 0.188048 0.298207 0.217924 0.159573 0.11691 0.0849415 0.0616874 0.0447474 0.0329757 0.0245271 0.0186495 0.0145805 0.0122412 0.0103023 0.00917986 0.00817967 0.00728845 0.0463018
 0 0 0 0 0 0 0 0 0 0 0 0 0.0476905 0.179823 0.290401 0.189759 0.138672 0.101542 0.0743938 0.054051 0.0392537 0.0284742 0.0209835 0.0156074 0.0118673 0.00927807 0.00778947 0.00655572 0.00584144 0.00520499 0.0341012
 0 0 0 0 0 0 0 0 0 0 0 0 1.53047 0.0205379 0.217664 0.143681 0.0938867 0.0686105 0.0502397 0.0368077 0.0267427 0.0194215 0.0140881 0.010382 0.00772203 0.00587155 0.0045905 0.00385398 0.00324356 0.00289016 0.0194475
 0 0 0 0 0 0 0 0 0 0 0 0 0.269848 1.18311 0.0425976 0.189201 0.124892 0.0816093 0.0596384 0.0436699 0.0319944 0.0232456 0.0168818 0.0122459 0.00902433 0.00671223 0.00510373 0.0039902 0.00335 0.00281941 0.0194166
 0 0 0 0 0 0 0 0 0 0 0 0 0.547075 0.0771953 0.975629 0.0140126 0.0622382 0.0410837 0.0268457 0.0196182 0.0143654 0.0105247 0.00764673 0.00555331 0.00402832 0.00296858 0.00220801 0.00167889 0.00131259 0.00110199 0.0073146
 0 0 0 0 0 0 0 0 0 0 0 0 0.160912 0.492217 0.187533 1.01467 0.0145734 0.0647289 0.0427278 0.02792 0.0204033 0.0149402 0.0109459 0.00795274 0.00577555 0.00418952 0.00308738 0.00229637 0.00174608 0.00136512 0.00875341
 0 0 0 0 0 0 0 0 0 0 0 0 1.09222 0.0678602 0.582492 0.0900495 0.487224 0.00699783 0.0310814 0.020517 0.0134066 0.00979725 0.00717399 0.00525597 0.00381874 0.0027733 0.00201172 0.0014825 0.00110267 0.000838429 0.0048587
 0 0 0 0 0 0 0 0 0 0 0 0 0.127883 0.429863 0.0762892 0.273117 0.042222 0.228448 0.00328111 0.0145733 0.00961992 0.00628602 0.0045937 0.00336371 0.0024644 0.00179051 0.00130033 0.000943247 0.000695106 0.000517015 0.00267125
 0 0 0 0 0 0 0 0 0 0 0 0 0.270319 0.0647332 0.620559 0.0474127 0.169738 0.0262404 0.141977 0.00203917 0.00905713 0.00597865 0.00390668 0.00285492 0.0020905 0.00153159 0.00111278 0.000808138 0.000586215 0.000431999 0.00198146
 0 0 0 0 0 0 0 0 0 0 0 0 0.0718692 0.156713 0.106783 0.444991 0.0339987 0.121716 0.0188165 0.101809 0.00146225 0.00649469 0.00428717 0.0028014 0.00204721 0.00149906 0.00109827 0.000797952 0.0005795 0.000420363 0.00173065
 0 0 0 0 0 0 0 0 0 0 0 0 0.0610344 0.0296262 0.187029 0.0554472 0.231062 0.0176538 0.0632011 0.00977047 0.0528644 0.000759272 0.00337237 0.00222612 0.00145463 0.00106301 0.000778386 0.000570278 0.000414337 0.000300906 0.00111691
 0 0 0 0 0 0 0 0 0 0 0 0 0.0512751 0.0283489 0.0399794 0.11202 0.0332097 0.138393 0.0105736 0.0378538 0.00585195 0.0316627 0.00045476 0.00201985 0.00133331 0.000871238 0.000636683 0.000466208 0.000341564 0.000248164 0.000849191
 0 0 0 0 0 0 0 0 0 0 0 0 0.0327465 0.0311865 0.0499646 0.0316139 0.08858 0.0262607 0.109435 0.00836115 0.0299331 0.00462745 0.0250374 0.000359604 0.00159721 0.00105432 0.000688936 0.00050346 0.000368656 0.000270093 0.000867738
 0 0 0 0 0 0 0 0 0 0 0 0 0.0812806 0.0115023 0.0321533 0.0231322 0.0146363 0.04101 0.0121579 0.0506651 0.00387097 0.0138582 0.00214238 0.0115916 0.000166486 0.000739462 0.000488122 0.000318958 0.000233088 0.000170677 0.000526784
 0 0 0 0 0 0 0 0 0 0 0 0 0.00613927 0.0772194 0.0316774 0.0403289 0.029014 0.0183579 0.0514376 0.0152493 0.0635477 0.00485524 0.0173819 0.00268712 0.014539 0.000208819 0.000927485 0.000612237 0.000400059 0.000292355 0.000874804
 0 0 0 0 0 0 0 0 0 0 0 0 0.0620112 0.00304854 0.112051 0.0207563 0.0264251 0.0190112 0.0120289 0.033704 0.00999199 0.041639 0.00318135 0.0113893 0.00176071 0.00952655 0.000136826 0.000607726 0.000401162 0.000262135 0.00076477
 0 0 0 0 0 0 0 0 0 0 0 0 0.0095299 0.0518472 0.00739063 0.123367 0.0228525 0.0290938 0.0209311 0.0132436 0.0371077 0.0110011 0.0458441 0.00350263 0.0125395 0.00193852 0.0104886 0.000150644 0.000669099 0.000441675 0.00113061
 0 0 0 0 0 0 0 0 0 0 0 0 0.00224485 0.0075077 0.117929 0.00758547 0.12662 0.0234549 0.0298607 0.0214829 0.0135928 0.038086 0.0112911 0.0470526 0.00359497 0.0128701 0.00198963 0.0107651 0.000154616 0.000686738 0.00161373
pred.cprop.1
 0 0 0 0 0 0 0 0 0 0 0 0 0.0881765 0.0578945 0.108274 0.0964768 0.0859652 0.0765989 0.0682531 0.0608166 0.0541904 0.0482861 0.0430251 0.0383373 0.0341603 0.0304383 0.0271219 0.0241669 0.0215338 0.0191876 0.017097
 0 0 0 0 0 0 0 0 0 0 0 0 0.095388 0.0587275 0.110753 0.0932109 0.0830551 0.0740059 0.0659426 0.0587578 0.0523559 0.0466515 0.0415686 0.0370395 0.0330039 0.0294079 0.0262038 0.0233488 0.0208048 0.018538 0.0312367
 0 0 0 0 0 0 0 0 0 0 0 0 0.105509 0.0634921 0.112112 0.0941247 0.0792166 0.0705856 0.0628949 0.0560422 0.0499362 0.0444954 0.0396474 0.0353276 0.0314785 0.0280488 0.0249927 0.0222697 0.0198433 0.0176813 0.0423018
 0 0 0 0 0 0 0 0 0 0 0 0 0.116773 0.0694875 0.119755 0.0936273 0.0786054 0.0661553 0.0589474 0.0525248 0.046802 0.0417027 0.037159 0.0331103 0.0295028 0.0262883 0.0234241 0.0208719 0.0185978 0.0165715 0.050093
 0 0 0 0 0 0 0 0 0 0 0 0 0.12855 0.0760282 0.128987 0.098077 0.0766787 0.0643761 0.0541798 0.0482766 0.0430167 0.0383298 0.0341536 0.0304324 0.0271166 0.0241622 0.0215296 0.0191838 0.0170937 0.0152312 0.0545968
 0 0 0 0 0 0 0 0 0 0 0 0 0.141264 0.0824396 0.138954 0.103353 0.0785856 0.0614398 0.0515822 0.0434123 0.0386823 0.0344677 0.0307123 0.027366 0.0243844 0.0217276 0.0193603 0.0172509 0.0153713 0.0136965 0.0559507
 0 0 0 0 0 0 0 0 0 0 0 0 0.15347 0.0890641 0.148029 0.109087 0.0811379 0.0616942 0.0482338 0.040495 0.0340812 0.0303679 0.0270591 0.0241109 0.0214839 0.0191431 0.0170574 0.0151989 0.0135429 0.0120674 0.0546771
 0 0 0 0 0 0 0 0 0 0 0 0 0.164183 0.0948222 0.157262 0.114077 0.0840663 0.0625279 0.0475439 0.0371708 0.031207 0.0262642 0.0234026 0.0208528 0.0185808 0.0165563 0.0147524 0.0131451 0.0117129 0.0104367 0.0514358
 0 0 0 0 0 0 0 0 0 0 0 0 0.171486 0.0996726 0.164826 0.119702 0.0868305 0.0639879 0.0475938 0.0361885 0.0282929 0.0237535 0.0199913 0.0178131 0.0158723 0.014143 0.012602 0.011229 0.0100055 0.00891537 0.0470949
 0 0 0 0 0 0 0 0 0 0 0 0 0.175734 0.102859 0.171244 0.124418 0.0903565 0.0655437 0.0483011 0.035926 0.0273168 0.0213568 0.0179303 0.0150904 0.0134462 0.0119812 0.0106758 0.00951258 0.00847614 0.00755263 0.0422791
 0 0 0 0 0 0 0 0 0 0 0 0 0.178525 0.10498 0.175335 0.128458 0.0933315 0.0677805 0.0491672 0.0362328 0.0269497 0.0204915 0.0160207 0.0134503 0.0113199 0.0100866 0.0089876 0.00800836 0.00713581 0.00635833 0.037381
 0 0 0 0 0 0 0 0 0 0 0 0 0.182303 0.10644 0.178159 0.130456 0.0955775 0.0694421 0.0504312 0.0365823 0.0269585 0.0200516 0.0152465 0.01192 0.0100075 0.00842246 0.0075048 0.00668711 0.00595852 0.00530931 0.0325437
 0 0 0 0 0 0 0 0 0 0 0 0 0.190909 0.112182 0.177898 0.130004 0.0951948 0.0697438 0.0506725 0.0368001 0.0266944 0.0196719 0.0146318 0.0111255 0.00869814 0.00730258 0.00614595 0.00547632 0.00487965 0.00434799 0.0276217
 0 0 0 0 0 0 0 0 0 0 0 0 0.0378109 0.142571 0.230241 0.150448 0.109945 0.0805063 0.0589824 0.0428538 0.0311219 0.0225755 0.0166365 0.0123741 0.00940884 0.00735602 0.0061758 0.00519763 0.00463133 0.00412672 0.0270368
 0 0 0 0 0 0 0 0 0 0 0 0 0.671214 0.00900727 0.0954606 0.0630139 0.0411757 0.0300904 0.0220335 0.0161427 0.0117285 0.00851764 0.00617861 0.0045532 0.00338664 0.00257507 0.00201324 0.00169023 0.00142252 0.00126753 0.00852904
 0 0 0 0 0 0 0 0 0 0 0 0 0.126728 0.555621 0.020005 0.0888537 0.0586527 0.0383259 0.0280078 0.0205085 0.0150254 0.0109168 0.00792813 0.00575098 0.00423807 0.00315224 0.00239685 0.00187391 0.00157325 0.00132407 0.00911854
 0 0 0 0 0 0 0 0 0 0 0 0 0.300195 0.0423591 0.535354 0.00768909 0.0341517 0.0225437 0.0147309 0.0107651 0.00788265 0.00577517 0.00419596 0.00304725 0.00221044 0.00162894 0.00121159 0.000921251 0.000720253 0.000604694 0.00401371
 0 0 0 0 0 0 0 0 0 0 0 0 0.0771115 0.235879 0.089869 0.486248 0.0069838 0.0310191 0.0204759 0.0133797 0.00977761 0.00715961 0.00524543 0.00381108 0.00276774 0.00200769 0.00147952 0.00110046 0.000836748 0.000654187 0.00419478
 0 0 0 0 0 0 0 0 0 0 0 0 0.449295 0.027915 0.239614 0.0370427 0.200425 0.00287862 0.0127857 0.00843986 0.00551493 0.0040302 0.00295109 0.00216209 0.00157088 0.00114082 0.000827541 0.000609839 0.000453594 0.000344896 0.00199868
 0 0 0 0 0 0 0 0 0 0 0 0 0.103977 0.349504 0.0620277 0.22206 0.0343291 0.185742 0.00266774 0.011849 0.00782157 0.00511091 0.00373495 0.0027349 0.0020037 0.0014558 0.00105725 0.000766917 0.000565163 0.000420364 0.00217189
 0 0 0 0 0 0 0 0 0 0 0 0 0.196831 0.0471349 0.451855 0.0345232 0.123594 0.0191067 0.103379 0.0014848 0.00659487 0.0043533 0.00284461 0.00207879 0.00152218 0.00111521 0.000810261 0.000588439 0.000426848 0.000314557 0.00144279
 0 0 0 0 0 0 0 0 0 0 0 0 0.0665508 0.145116 0.098881 0.412061 0.0314828 0.112709 0.017424 0.094275 0.00135404 0.00601407 0.00396991 0.00259409 0.00189571 0.00138812 0.001017 0.000738903 0.000536616 0.000389256 0.00160258
 0 0 0 0 0 0 0 0 0 0 0 0 0.0848001 0.041162 0.259855 0.0770373 0.321033 0.0245279 0.0878104 0.0135749 0.0734488 0.00105492 0.00468551 0.00309292 0.00202104 0.00147693 0.00108147 0.000792334 0.000575673 0.000418073 0.00155182
 0 0 0 0 0 0 0 0 0 0 0 0 0.103296 0.0571103 0.0805407 0.225669 0.0669026 0.278799 0.0213011 0.0762584 0.0117891 0.0637862 0.000916138 0.0040691 0.00268603 0.00175516 0.00128263 0.0009392 0.000688098 0.000499939 0.00171074
 0 0 0 0 0 0 0 0 0 0 0 0 0.0738438 0.0703262 0.112671 0.0712899 0.199749 0.0592183 0.246777 0.0188545 0.0674995 0.010435 0.0564598 0.000810912 0.00360173 0.00237752 0.00155356 0.00113531 0.000831325 0.000609064 0.00195676
 0 0 0 0 0 0 0 0 0 0 0 0 0.270354 0.0382588 0.106948 0.0769421 0.0486832 0.136407 0.0404396 0.168522 0.0128756 0.0460948 0.00712596 0.0385559 0.000553764 0.00245959 0.00162359 0.00106091 0.000775294 0.000567705 0.00175218
 0 0 0 0 0 0 0 0 0 0 0 0 0.0163387 0.205507 0.0843043 0.107329 0.0772162 0.0488567 0.136893 0.0405837 0.169122 0.0129215 0.046259 0.00715134 0.0386933 0.000555737 0.00246835 0.00162937 0.00106469 0.000778056 0.00232815
 0 0 0 0 0 0 0 0 0 0 0 0 0.16819 0.00826838 0.303911 0.0562962 0.0716714 0.0515629 0.0326252 0.0914135 0.0271007 0.112935 0.00862861 0.0308906 0.00477548 0.0258383 0.000371107 0.0016483 0.00108805 0.000710974 0.00207424
 0 0 0 0 0 0 0 0 0 0 0 0 0.0236433 0.128631 0.0183359 0.306069 0.056696 0.0721804 0.0519291 0.0328569 0.0920627 0.0272932 0.113737 0.00868989 0.0311099 0.00480939 0.0260218 0.000373742 0.00166001 0.00109578 0.002805
 0 0 0 0 0 0 0 0 0 0 0 0 0.00469258 0.0156939 0.246516 0.0158565 0.264683 0.0490296 0.0624203 0.0449073 0.028414 0.0796141 0.0236026 0.0983578 0.00751485 0.0269033 0.00415907 0.0225032 0.000323205 0.00143554 0.00337332
pred.cplen.1
 0 0 0 0 0 0 0 0 0 0 0 0 0 0 0 0 0 0 0 0 0 0 8.81765e-09 1.46071e-08 4.38998e-08 9.44084e-08 1.80429e-07 3.25464e-07 5.94077e-07 1.07537e-06 1.85574e-06 3.18063e-06 5.35027e-06 8.90393e-06 1.45465e-05 2.3413e-05 3.71091e-05 5.79035e-05 8.8988e-05 0.000134684 0.000200788 0.000294806 0.000426312 0.000607305 0.000852294 0.00117838 0.00160527 0.00215483 0.00285049 0.00371628 0.00477559 0.0060496 0.00755536 0.0093039 0.0112984 0.0135321 0.0159871 0.0186336 0.0214295 0.0243208 0.0272437 0.0301261 0.0328911 0.0354604 0.037758 0.0397138 0.0412677 0.0423721 0.0429948 0.0431201 0.0427492 0.0419001 0.0406061 0.0389138 0.0368801 0.0345695 0.0320508 0.0293938 0.0266665 0.0239324 0.0212485 0.0186638 0.0162184 0.0139428 0.0118584 0.00997762 0.00830515 0.00683873 0.00557059 0.00448858 0.00357755 0.0028204 0.00219925 0.00169613 0.00129372 0.000975906 0.000728037 0.000537081 0.000391802 0.000282623 0.000201587 0.000142174 9.91301e-05 6.83627e-05 4.65829e-05 3.13836e-05 2.09176e-05 1.37766e-05
 0 0 0 0 0 0 0 0 0 0 0 0 0 0 0 0 0 0 0 0 0 0 9.5388e-09 1.54116e-08 4.53467e-08 9.70784e-08 1.85718e-07 3.35047e-07 6.10196e-07 1.10533e-06 1.90663e-06 3.26883e-06 5.49525e-06 9.14293e-06 1.49309e-05 2.4023e-05 3.80592e-05 5.9357e-05 9.11723e-05 0.000137912 0.000205472 0.000301482 0.000435658 0.000620153 0.000869634 0.00120135 0.00163512 0.00219289 0.00289807 0.00377456 0.00484551 0.00613169 0.00764956 0.00940945 0.0114136 0.0136544 0.016113 0.0187586 0.0215482 0.0244276 0.0273324 0.0301909 0.0329268 0.0354627 0.0377241 0.0396426 0.0411599 0.0422305 0.0428239 0.042926 0.0425392 0.0416824 0.0403889 0.0387051 0.0366871 0.0343984 0.031906 0.0292784 0.0265817 0.0238779 0.0212226 0.0186638 0.0162406 0.0139831 0.0119125 0.0100412 0.00837433 0.00691001 0.00564104 0.00455591 0.00364007 0.00287703 0.00224938 0.0017396 0.0013307 0.00100678 0.000753375 0.00055753 0.000408044 0.000295324 0.000211369 0.000149598 0.000104683 7.24582e-05 4.95597e-05 3.35187e-05 2.24274e-05 1.48312e-05
 0 0 0 0 0 0 0 0 0 0 0 0 0 0 0 0 0 0 0 0 0 0 1.05509e-08 1.69001e-08 4.80747e-08 1.01717e-07 1.95486e-07 3.52145e-07 6.39953e-07 1.15928e-06 1.99911e-06 3.42781e-06 5.75923e-06 9.57852e-06 1.56343e-05 2.51426e-05 3.98096e-05 6.20465e-05 9.52357e-05 0.000143948 0.000214284 0.000314129 0.000453497 0.000644881 0.00090332 0.00124643 0.0016944 0.00226944 0.00299513 0.0038954 0.00499316 0.00630868 0.00785762 0.00964914 0.0116841 0.013953 0.0164353 0.019098 0.0218963 0.0247743 0.0276664 0.0305002 0.0331994 0.0356873 0.0378907 0.0397435 0.0411902 0.0421882 0.0427102 0.0427453 0.0422989 0.041392 0.0400598 0.0383497 0.036318 0.0340276 0.0315446 0.0289357 0.0262653 0.0235931 0.0209728 0.0184503 0.0160629 0.0138395 0.0118 0.00995642 0.00831316 0.00686842 0.00561513 0.00454208 0.00363515 0.00287831 0.00225468 0.00174721 0.00133933 0.00101554 0.000761659 0.000564988 0.000414506 0.000300752 0.000215806 0.000153139 0.000107448 7.45759e-05 5.11499e-05 3.46932e-05 2.32791e-05 1.54401e-05
 0 0 0 0 0 0 0 0 0 0 0 0 0 0 0 0 0 0 0 0 0 0 1.16773e-08 1.86261e-08 5.16417e-08 1.08397e-07 2.08438e-07 3.74693e-07 6.79464e-07 1.23118e-06 2.1222e-06 3.63919e-06 6.11131e-06 1.01606e-05 1.65754e-05 2.66433e-05 4.21613e-05 6.56689e-05 0.000100724 0.000152127 0.000226267 0.000331392 0.000477946 0.000678924 0.00094992 0.00130913 0.00177731 0.00237719 0.00313271 0.00406798 0.00520578 0.00656587 0.00816299 0.0100049 0.0120905 0.0144081 0.0169342 0.0196331 0.022457 0.0253472 0.0282359 0.0310489 0.033709 0.0361398 0.0382693 0.0400337 0.0413805 0.0422712 0.0426828 0.042609 0.0420597 0.0410597 0.0396478 0.0378736 0.0357951 0.0334755 0.0309805 0.0283754 0.0257227 0.0230797 0.0204974 0.018019 0.0156792 0.0135045 0.0115128 0.0097146 0.00811317 0.00670595 0.00548546 0.00444045 0.00355693 0.00281925 0.00221095 0.00171549 0.00131682 0.000999941 0.00075114 0.000558105 0.000410164 0.000298138 0.000214329 0.000152383 0.000107129 7.45056e-05 5.12063e-05 3.48049e-05 2.34035e-05 1.55567e-05
 0 0 0 0 0 0 0 0 0 0 0 0 0 0 0 0 0 0 0 0 0 0 1.2855e-08 2.04578e-08 5.60193e-08 1.16336e-07 2.23517e-07 4.00614e-07 7.2501e-07 1.31398e-06 2.26416e-06 3.88263e-06 6.51779e-06 1.08324e-05 1.76636e-05 2.83803e-05 4.48869e-05 6.98734e-05 0.000107106 0.000161655 0.000240256 0.000351588 0.000506619 0.000718954 0.00100487 0.0013833 0.00187572 0.00250555 0.00329726 0.00427527 0.00546235 0.00687782 0.00853544 0.0104414 0.0125926 0.0149745 0.0175603 0.020311 0.023175 0.0260899 0.0289848 0.031783 0.0344059 0.0367765 0.0388237 0.0404858 0.0417136 0.0424731 0.0427463 0.0425324 0.0418468 0.0407198 0.0391947 0.0373247 0.0351703 0.0327963 0.0302687 0.0276517 0.0250061 0.0223868 0.0198417 0.0174107 0.0151255 0.0130094 0.0110777 0.00933842 0.00779312 0.00643787 0.00526433 0.00426075 0.00341305 0.00270571 0.00212264 0.00164778 0.00126565 0.000961804 0.000723123 0.000537811 0.000395673 0.000287938 0.000207253 0.000147545 0.000103869 7.23428e-05 4.9792e-05 3.3895e-05 2.28273e-05 1.51977e-05
 0 0 0 0 0 0 0 0 0 0 0 0 0 0 0 0 0 0 0 0 0 0 1.41264e-08 2.23704e-08 6.07274e-08 1.25122e-07 2.4009e-07 4.28958e-07 7.75051e-07 1.40503e-06 2.42053e-06 4.15045e-06 6.96553e-06 1.15729e-05 1.88632e-05 3.02962e-05 4.78955e-05 7.45179e-05 0.000114162 0.000172198 0.00025575 0.000373982 0.000538453 0.000763454 0.00106605 0.001466 0.00198564 0.00264918 0.00348177 0.00450824 0.00575141 0.00723021 0.00895743 0.0109377 0.0131654 0.0156232 0.0182808 0.0210949 0.0240099 0.0269592 0.0298682 0.0326571 0.0352449 0.0375541 0.0395139 0.0410646 0.0421605 0.0427719 0.0428867 0.0425101 0.0416638 0.0403843 0.0387203 0.0367298 0.0344768 0.0320281 0.0294506 0.0268081 0.0241597 0.021558 0.0190477 0.0166652 0.0144386 0.0123877 0.0105243 0.00885386 0.00737538 0.00608316 0.00496754 0.00401598 0.00321402 0.00254609 0.00199637 0.00154924 0.00118975 0.000904119 0.000679848 0.000505761 0.000372241 0.000271025 0.0001952 0.000139062 9.79738e-05 6.82976e-05 4.70497e-05 3.20598e-05 2.16144e-05 1.44055e-05
 0 0 0 0 0 0 0 0 0 0 0 0 0 0 0 0 0 0 0 0 0 0 1.5347e-08 2.42534e-08 6.53119e-08 1.33998e-07 2.5669e-07 4.57198e-07 8.24824e-07 1.49544e-06 2.57591e-06 4.4163e-06 7.41048e-06 1.23088e-05 2.00564e-05 3.22025e-05 5.08906e-05 7.91439e-05 0.000121195 0.000182715 0.000271217 0.000396357 0.000570289 0.000808002 0.00112737 0.00154898 0.00209609 0.00279372 0.00366773 0.00474343 0.00604378 0.00758737 0.00938609 0.011443 0.0137503 0.0162875 0.019021 0.0219033 0.0248745 0.0278638 0.0307925 0.0335774 0.0361353 0.0383873 0.0402629 0.041704 0.0426681 0.0431299 0.0430826 0.0425377 0.0415233 0.0400823 0.0382694 0.0361473 0.0337842 0.0312495 0.0286112 0.0259333 0.0232737 0.0206826 0.0182018 0.0158644 0.0136947 0.0117088 0.00991525 0.00831612 0.00690797 0.00568295 0.00462985 0.00373509 0.00298361 0.00235967 0.00184755 0.00143201 0.00109861 0.000834169 0.000626848 0.00046611 0.000342948 0.000249653 0.000179801 0.000128101 9.02686e-05 6.29468e-05 4.33781e-05 2.95712e-05 1.99483e-05 1.33025e-05
