mgc
0.000729083
ofv
3590.09
ofv_ideal
1726.75
nsp
1
nf
2949
nFIC
2
yrs
 1978 1979 1980 1981 1982 1983 1984 1985 1986 1987 1988 1989 1990 1991 1992 1993 1994 1995 1996 1997 1998 1999 2000 2001 2002 2003 2004 2005 2006 2007
nyr
 30
nage
 6
FICnseg
 1
M1nseg
1
M1yr
 1978
agePR
 2
ageFR
 3
ficFR
 2
FICfage
 1 1
FIClage
 6 6
FICs.lage
 1
Ft
 0.0014186 0.00306583 0.0973675 0.00892031 0.000198819 0.000510074 0.00183698 0.0247277 0.000273861 0.000817165 0.000502601 0.000186988 0.00434091 0.0235617 0.000272066 0.00262404 0.00485445 0 0.0595775 0.0780084 0.368955 0.108054 0.207417 0.773074 0.591236 0.73892 0.578142 0.458583 0.54878 0.52657
nFt
 29
nsel
 1
FICnsel
 1
obs.sumC
 14.3 8.2 0 0 0 0 0 0 0 0 0 0 0 0 0 0 0 0 15.37 60.73 169.21 45.99 96.76 243.42 96.8 0 0 0 0 0
obs.totc
 0.003 0.01 0.332 0.043 0.001 0.003 0.01 0.162 0.003 0.012 0.009 0.004 0.111 0.677 0.01 0.135 0.266 0 4.723 7.095 28.686 7.07 15.596 48.371 19.645 23.495 18.194 16.672 16.769 10.271
pred.totc
 0.00300283 0.0100585 0.444752 0.0444357 0.0010021 0.00300245 0.0100033 0.161057 0.00300076 0.0120098 0.00900504 0.00400092 0.11112 0.675641 0.00999937 0.135101 0.266543 0 4.98474 7.41494 30.7388 7.42933 16.1217 41.941 17.8289 24.2371 21.3236 15.1943 14.9311 10.097
resid.totc
 -0.000708074 -0.00530386 -0.29162 -0.0321093 -0.00104825 -0.000612194 -0.000296268 0.00580063 -0.000190927 -0.000756912 -0.000504271 -0.00018441 -0.00106867 0.0020062 5.74766e-05 -0.000744917 -0.00203212 0 -0.0539263 -0.0441008 -0.0691127 -0.0495687 -0.0331524 0.142634 0.0969944 -0.0310945 -0.158714 0.0928038 0.116079 0.0170803
Age1
 0.164956 0.0467891 0.765741 0.808028 2.41395 3.85613 4.09165 3.15698 3.21585 3.48415 3.66293 4.82895 5.42208 4.46668 4.0219 4.67 6.21527 4.80207 4.76718 4.38035 5.60413 4.37648 4.63201 6.25232 6.21541 4.17186 4.31859 4.03105 4.011
Yr1
 2.11079 2.39306 2.01829 0.586212 0.164302 0.164418
FICmonth.1
 4 10
sel.1
 0 0.892932 1 1 1 1
FICsel.1
 0.128351 1 1 1 1 1
FIC.q.1
 0.0857694
 0.0383244
FIC.yr.1
 0
M1.1
 0.1 0.1 0.1 0.1 0.1 0.1
obs.CAA.1
 0 0.1 5.6 2.3 4.3 2
 0 0.1 5.1 2.1 0.4 0.5
 0 0 0 0 0 0
 0 0 0 0 0 0
 0 0 0 0 0 0
 0 0 0 0 0 0
 0 0 0 0 0 0
 0 0 0 0 0 0
 0 0 0 0 0 0
 0 0 0 0 0 0
 0 0 0 0 0 0
 0 0 0 0 0 0
 0 0 0 0 0 0
 0 0 0 0 0 0
 0 0 0 0 0 0
 0 0 0 0 0 0
 0 0 0 0 0 0
 0 0 0 0 0 0
 0 5.79 2.29 1.02 1.23 5.04
 0 2 49 5.29 1.18 3.26
 0 3.99 29.13 111.66 10.84 13.59
 0 0 7.48 5.45 20.03 13.03
 0 4.99 4.61 25.95 21.03 40.18
 0 1.83 134 14.66 30.07 62.86
 0 0 2.53 49.34 16.21 28.72
 0 0 0 0 0 0
 0 0 0 0 0 0
 0 0 0 0 0 0
 0 0 0 0 0 0
 0 0 0 0 0 0
obs.cprop.1
 0 0.00699301 0.391608 0.160839 0.300699 0.13986
 0 0.0121951 0.621951 0.256098 0.0487805 0.0609756
 0 0 0 0 0 0
 0 0 0 0 0 0
 0 0 0 0 0 0
 0 0 0 0 0 0
 0 0 0 0 0 0
 0 0 0 0 0 0
 0 0 0 0 0 0
 0 0 0 0 0 0
 0 0 0 0 0 0
 0 0 0 0 0 0
 0 0 0 0 0 0
 0 0 0 0 0 0
 0 0 0 0 0 0
 0 0 0 0 0 0
 0 0 0 0 0 0
 0 0 0 0 0 0
 0 0.376708 0.148992 0.066363 0.080026 0.327912
 0 0.0329327 0.80685 0.0871069 0.0194303 0.0536802
 0 0.0235802 0.172153 0.65989 0.0640624 0.0803144
 0 0 0.162644 0.118504 0.435529 0.283322
 0 0.0515709 0.0476437 0.268189 0.217342 0.415254
 0 0.00751787 0.550489 0.0602251 0.123531 0.258237
 0 0 0.0261364 0.509711 0.167459 0.296694
 0 0 0 0 0 0
 0 0 0 0 0 0
 0 0 0 0 0 0
 0 0 0 0 0 0
 0 0 0 0 0 0
pred.cprop.1
 0 0.455622 0.350747 0.0837628 0.0549311 0.0549375
 0 0.245996 0.364818 0.250755 0.0598836 0.0785471
 0 0.0366347 0.257827 0.341368 0.234637 0.129533
 0 0.0378063 0.039507 0.24694 0.326954 0.348793
 0 0.0792626 0.0388257 0.0362106 0.226336 0.619365
 0 0.0830243 0.0806314 0.035267 0.0328916 0.768186
 0 0.311734 0.0633654 0.0549487 0.0240338 0.545918
 0 0.584888 0.139708 0.0253551 0.0219872 0.228061
 0 0.438815 0.343677 0.0732034 0.0132854 0.131019
 0 0.15325 0.395323 0.27646 0.0588862 0.116081
 0 0.150047 0.143247 0.32994 0.230736 0.146029
 0 0.175686 0.136072 0.115993 0.267166 0.305083
 0 0.185318 0.156985 0.108568 0.0925474 0.456582
 0 0.392615 0.123339 0.093273 0.064506 0.326267
 0 0.43389 0.2379 0.0666482 0.0504015 0.21116
 0 0.149224 0.392964 0.192389 0.0538982 0.211524
 0 0.0943112 0.148713 0.349639 0.171178 0.236159
 0 0 0 0 0 0
 0 0.457207 0.0984953 0.0464128 0.0653323 0.332552
 0 0.110048 0.432726 0.0829683 0.0390962 0.335161
 0 0.112732 0.108334 0.378745 0.0726184 0.32757
 0 0.106272 0.113413 0.0952754 0.33309 0.351949
 0 0.306122 0.0819739 0.0776499 0.0652318 0.469023
 0 0.107286 0.297518 0.0703157 0.0666067 0.458274
 0 0.244224 0.0934386 0.220739 0.0521698 0.389428
 0 0.704687 0.0805119 0.0265564 0.0627368 0.125508
 0 0.5821 0.307774 0.030024 0.00990326 0.070199
 0 0.119175 0.543902 0.248137 0.0242063 0.0645809
 0 0.192227 0.108781 0.431621 0.196912 0.0704584
 0 0.211068 0.170297 0.0833103 0.330558 0.204766
Wt.1
 0.005 0.04 0.12 0.186 0.226 0.281
 0.005 0.032 0.089 0.198 0.255 0.281
 0.005 0.041 0.103 0.169 0.268 0.339
 0.005 0.045 0.114 0.19 0.232 0.303
 0.005 0.049 0.13 0.194 0.25 0.273
 0.005 0.055 0.138 0.216 0.223 0.329
 0.004 0.039 0.122 0.17 0.217 0.299
 0.004 0.04 0.129 0.183 0.213 0.242
 0.002 0.049 0.106 0.165 0.211 0.242
 0.005 0.049 0.096 0.146 0.195 0.236
 0.01 0.038 0.107 0.143 0.172 0.222
 0.011 0.044 0.1 0.146 0.175 0.213
 0.001 0.043 0.093 0.144 0.186 0.226
 0.005 0.041 0.07 0.134 0.164 0.216
 0.011 0.04 0.08 0.123 0.146 0.188
 0.009 0.036 0.089 0.13 0.15 0.196
 0.011 0.036 0.081 0.118 0.138 0.172
 0.03 0.046 0.092 0.118 0.131 0.16
 0.021 0.048 0.084 0.12 0.144 0.171
 0.019 0.045 0.085 0.116 0.143 0.175
 0.017 0.041 0.079 0.112 0.133 0.172
 0.032 0.053 0.082 0.114 0.129 0.159
 0.04 0.06 0.102 0.128 0.148 0.167
 0.032 0.055 0.095 0.128 0.149 0.17
 0.027 0.046 0.095 0.121 0.139 0.168
 0.025 0.051 0.09 0.133 0.149 0.18
 0.014 0.042 0.093 0.129 0.157 0.18
 0.014 0.042 0.084 0.123 0.147 0.177
 0.021 0.053 0.081 0.121 0.151 0.187
 0.032 0.053 0.091 0.116 0.139 0.168
N.1
 8.25475 10.9469 7.52542 1.79717 1.17857 1.17871
 1.17934 7.4692 9.89262 6.79963 1.62384 2.12993
 1.0479 1.06711 6.73994 8.92381 6.13372 3.38615
 2.15059 0.94818 0.885161 5.53274 7.32546 7.81476
 2.24348 1.94593 0.851142 0.793814 4.96177 13.5778
 11.1781 2.02998 1.76044 0.769992 0.71813 16.7719
 47.2818 10.1143 1.83597 1.5921 0.696362 15.8176
 59.8386 42.7823 9.13682 1.65821 1.43795 14.915
 23.4994 54.1442 37.8657 8.06541 1.46376 14.4354
 24.9244 21.2632 48.9797 34.2529 7.29589 14.3822
 32.5947 22.5525 19.2257 44.2825 30.968 19.5991
 38.9752 29.4929 20.3972 17.3874 40.0483 45.732
 125.08 35.2662 26.6819 18.4527 15.7298 77.6028
 226.35 113.177 31.7868 24.0382 16.6244 84.085
 87.0669 204.81 100.275 28.0921 21.2441 89.0036
 55.8072 78.7814 185.275 90.7076 25.4119 99.7292
 106.698 50.4965 71.1175 167.204 81.8605 112.936
 500.33 96.5443 45.4935 64.0382 150.56 175.405
 121.763 452.717 87.3569 41.1642 57.9441 294.945
 117.587 110.176 388.413 74.4721 35.0926 300.84
 79.8659 106.397 92.9832 325.077 62.3283 281.154
 271.547 72.2657 69.2503 58.1755 203.386 214.902
 79.5572 245.706 59.3745 56.2425 47.248 339.718
 102.72 71.9863 184.735 43.6606 41.3576 284.553
 519.218 92.9448 32.6607 77.1577 18.2356 136.122
 500.4 469.808 49.604 16.3616 38.6527 77.3263
 64.8358 452.78 219.756 21.4377 7.07112 50.1234
 75.0828 58.6658 244.488 111.539 10.8809 29.0296
 56.3202 67.9377 35.2468 139.852 63.8026 22.8296
 55.2023 50.9606 37.6589 18.4229 73.0981 45.2812
iM2.1
 0 0 0 0 0 0
M2.1
 0 0 0 0 0 0
 0 0 0 0 0 0
 0 0 0 0 0 0
 0 0 0 0 0 0
 0 0 0 0 0 0
 0 0 0 0 0 0
 0 0 0 0 0 0
 0 0 0 0 0 0
 0 0 0 0 0 0
 0 0 0 0 0 0
 0 0 0 0 0 0
 0 0 0 0 0 0
 0 0 0 0 0 0
 0 0 0 0 0 0
 0 0 0 0 0 0
 0 0 0 0 0 0
 0 0 0 0 0 0
 0 0 0 0 0 0
 0 0 0 0 0 0
 0 0 0 0 0 0
 0 0 0 0 0 0
 0 0 0 0 0 0
 0 0 0 0 0 0
 0 0 0 0 0 0
 0 0 0 0 0 0
 0 0 0 0 0 0
 0 0 0 0 0 0
 0 0 0 0 0 0
 0 0 0 0 0 0
 0 0 0 0 0 0
obs.totFIC.1
 3.05122 7.43 6.22 2.19 0.603316 0.409726 2.85481 3.97702 34.3918 7.54315 14.7631 9.75526 9.2 22.83 36.3321 72.24 34.7663 89.9575 65.0637 57.251 51.69 86.9642 33.27 35.1353 28.1099 84.6576 47.8811 19.7595 27.1721 17.1653
 0.4411 0.03 0.0262 0.08 0.203 0.0925 1.0926 1.9354 0.9316 9.54 11.55 14.25 13.98 20.74 56.49 16.8 13.61 125.74 37.66 37.05 20.63 13.51 20.65 25.31 77.92 94.77 40.69 25.7 28.15 22.96
pred.totFIC.1
 1.96411 2.32604 2.11961 1.88445 1.85966 1.94797 2.99537 6.39388 9.87034 10.7297 11.6795 13.1115 15.7239 24.6175 37.7093 40.3717 41.1914 49.4642 77.3441 74.7492 64.6237 52.3661 58.9177 41.376 29.99 48.4061 52.7286 33.2354 23.4691 16.3451
 0.834287 0.987192 0.858513 0.797457 0.790348 0.827764 1.27221 2.68954 4.19474 4.55874 4.96305 5.57241 6.67029 10.3578 16.0259 17.1378 17.4671 21.0242 31.9742 30.5915 22.957 21.1652 22.6928 12.1552 10.1518 15.2894 17.1755 11.3371 7.68883 5.43072
toteps.1
 0.440499 1.16136 1.07654 0.150266 -1.12571 -1.55905 -0.0480623 -0.474809 1.24828 -0.352372 0.234296 -0.295686 -0.53598 -0.0753815 -0.0372051 0.581864 -0.169581 0.598088 -0.172898 -0.266692 -0.223316 0.507237 -0.571486 -0.163495 -0.0647422 0.558989 -0.0964382 -0.519982 0.146504 0.0489615
 -0.637306 -3.49367 -3.48944 -2.2994 -1.35927 -2.19152 -0.152196 -0.329055 -1.50468 0.738448 0.844665 0.93893 0.739964 0.694327 1.25986 -0.0199051 -0.249515 1.78854 0.163671 0.191545 -0.106875 -0.448927 -0.0943313 0.733442 2.03804 1.82429 0.862496 0.818414 1.29778 1.44168
resid.totFIC.1
 0.440318 1.16106 1.07623 0.150192 -1.12459 -1.55713 -0.0480459 -0.474714 1.24821 -0.352333 0.234279 -0.295659 -0.535935 -0.0753783 -0.0372041 0.581853 -0.169576 0.598079 -0.172895 -0.266688 -0.223312 0.50723 -0.571473 -0.163491 -0.0647399 0.558981 -0.0964362 -0.519961 0.146499 0.0489586
 -0.636239 -3.46189 -3.45315 -2.28823 -1.35562 -2.18197 -0.152067 -0.32891 -1.50385 0.738334 0.844551 0.93882 0.739886 0.694279 1.25981 -0.0199039 -0.249498 1.7885 0.163666 0.191539 -0.10687 -0.4489 -0.0943269 0.733399 2.03795 1.82424 0.862463 0.818364 1.29768 1.44154
Age1CV.1
0.420841
obs.FIC.1.sp.1
 0.00121569 0.12 1.99 0.33 0.3 0.31
 0 4.53 0.37 1.12 0.81 0.6
 0 0.11 1.46 3.71 0.68 0.26
 0 0.02 0.01 0.51 1.34 0.31
 0.00331551 0.4 0.05 0.05 0.05 0.05
 0.0097255 0.15 0.03 0.06 0.01 0.15
 0.0348129 1.93 0.41 0.3 0.14 0.04
 0.0170196 1.95 0.94 0.42 0.48 0.17
 0.00176827 1.69 27.17 3.37 1.17 0.99
 0.0331551 1.18 2.13 3.83 0.23 0.14
 0.45312 3.22 3.97 3.49 3.3 0.33
 0.0552585 1.66 1.66 2.89 1.99 1.5
 0 2.83 2.38 2.67 1.16 0.16
 0 3.79 6.81 10.91 0.96 0.36
 0.0221034 11 15.99 6.5 2.05 0.77
 0 7.23 32.7 25.61 5.72 0.98
 0.0663103 4.35 3.38 12.11 11 3.86
 61.8675 6.06 3.77 3.23 11.66 3.37
 0.143672 40.91 8.48 5.06 2.8 7.67
 0.221034 10.13 34.3 5.91 2.71 3.98
 0 4.75 11.74 27.43 5.02 2.75
 0.0442068 2.18 19.04 10.99 43.98 10.73
 0 15.1 4.04 4.47 4.54 5.12
 0.0552585 5.38 19.41 1.83 1.89 6.57
 0.83993 5.86 2.48 13.44 2.07 3.42
 66.8076 2.92 2 1.56 6.3 5.07
 0.0110517 31.16 11.21 1.16 0.66 3.68
 0.0994654 1 13.51 2.47 0.72 1.96
 0.0221034 1.1 5.15 8.3 8.13 4.47
 0.0552585 2.71 3.3 3.66 3.87 3.57
obs.sprop.1.sp.1
 0.000398427 0.0393286 0.652199 0.108154 0.0983215 0.101599
 0 0.60969 0.0497981 0.15074 0.109017 0.0807537
 0 0.0176849 0.234727 0.596463 0.109325 0.0418006
 0 0.00913242 0.00456621 0.232877 0.611872 0.141553
 0.00549549 0.663003 0.0828754 0.0828754 0.0828754 0.0828754
 0.0237366 0.366099 0.0732198 0.14644 0.0244066 0.366099
 0.0121945 0.676051 0.143617 0.105086 0.04904 0.0140114
 0.00427949 0.490317 0.236358 0.105607 0.120693 0.0427456
 5.14156e-05 0.0491397 0.790015 0.0979886 0.0340198 0.028786
 0.00439539 0.156433 0.282375 0.507745 0.0304912 0.0185599
 0.0306927 0.218111 0.268913 0.2364 0.22353 0.022353
 0.00566449 0.170165 0.170165 0.29625 0.203993 0.153763
 0 0.307609 0.258696 0.290217 0.126087 0.0173913
 0 0.16601 0.298292 0.47788 0.0420499 0.0157687
 0.000608372 0.302763 0.440107 0.178905 0.0564239 0.0211934
 0 0.100083 0.452658 0.354513 0.0791805 0.0135659
 0.00190731 0.125121 0.0972206 0.348326 0.316398 0.111027
 0.687741 0.0673652 0.0419087 0.0359059 0.129617 0.0374621
 0.00220818 0.628769 0.130334 0.07777 0.0430348 0.117885
 0.00386079 0.17694 0.599116 0.10323 0.0473354 0.0695184
 0 0.091894 0.227123 0.530664 0.0971174 0.0532018
 0.000508334 0.0250678 0.218941 0.126374 0.505725 0.123384
 0 0.453862 0.121431 0.134355 0.136459 0.153892
 0.00157274 0.153123 0.552437 0.0520844 0.0537921 0.186992
 0.0298802 0.208467 0.0882251 0.478123 0.0736395 0.121665
 0.789151 0.0344919 0.0236246 0.0184272 0.0744174 0.0598883
 0.000230816 0.650779 0.234122 0.0242267 0.0137842 0.0768571
 0.00503381 0.0506087 0.683723 0.125003 0.0364382 0.099193
 0.00081346 0.0404827 0.189533 0.30546 0.299204 0.164507
 0.00321921 0.157877 0.192249 0.213221 0.225455 0.207978
pred.sprop.1.sp.1
 0.0447499 0.462165 0.317698 0.0758704 0.0497553 0.0497611
 0.00539855 0.266144 0.352457 0.242259 0.0578546 0.0758858
 0.00526404 0.0405718 0.255365 0.338108 0.232396 0.128295
 0.0121514 0.0416303 0.038851 0.24284 0.321525 0.343002
 0.0128453 0.0868012 0.0379662 0.035409 0.221326 0.605653
 0.0610997 0.0864373 0.0749586 0.0327859 0.0305776 0.714141
 0.168073 0.279966 0.0508165 0.0440666 0.0192741 0.437804
 0.0996487 0.55101 0.117573 0.0213378 0.0185035 0.191927
 0.0253501 0.455031 0.318222 0.0677814 0.0123014 0.121314
 0.0247339 0.164358 0.378589 0.264758 0.0563936 0.111167
 0.0297151 0.160163 0.136534 0.314479 0.219924 0.139186
 0.0316512 0.186593 0.129047 0.110004 0.253373 0.289332
 0.0846995 0.18582 0.140567 0.0972136 0.0828686 0.408831
 0.0979019 0.378725 0.106279 0.0803716 0.0555836 0.281138
 0.0245844 0.450529 0.220577 0.0617949 0.0467312 0.195783
 0.0147186 0.161757 0.380377 0.186227 0.0521717 0.204749
 0.0275806 0.101551 0.142996 0.336197 0.164597 0.227079
 0.107701 0.161917 0.0762982 0.1074 0.252508 0.294176
 0.0167626 0.47704 0.0918547 0.0432836 0.0609276 0.310131
 0.0167497 0.119468 0.420001 0.0805286 0.0379466 0.325306
 0.0131591 0.122378 0.10555 0.36901 0.0707519 0.319151
 0.055214 0.110859 0.105824 0.0889004 0.310803 0.3284
 0.0143776 0.325247 0.0780159 0.0739006 0.0620821 0.446377
 0.0264339 0.114664 0.286249 0.0676525 0.0640839 0.440917
 0.184343 0.215614 0.0741848 0.175254 0.0414198 0.309183
 0.110071 0.64619 0.0664513 0.0219186 0.0517805 0.103589
 0.0130925 0.599741 0.285139 0.027816 0.00917494 0.0650363
 0.0240544 0.12775 0.523753 0.238944 0.0233096 0.0621885
 0.0255518 0.203954 0.103761 0.411702 0.187825 0.0672067
 0.0359604 0.221125 0.160364 0.078451 0.311277 0.192823
obs.FIC.2.sp.1
 0.0011 0.01 0.06 0.08 0.16 0.13
 0 0.01 0.02 0 0 0
 0 0.01 0.0062 0 0.01 0
 0 0 0 0.04 0.04 0
 0.003 0.01 0.03 0.01 0.12 0.03
 0.0088 0.02 0 0.0222 0.0015 0.04
 0.0315 0.15 0.15 0.1477 0.1534 0.46
 0.0154 0.03 0.05 0.99 0.31 0.54
 0.0016 0.02 0.43 0.23 0.19 0.06
 0.03 2.02 3.83 3.01 0.39 0.26
 0.41 1.02 3.56 4.54 1.77 0.25
 0.05 1.4 4.32 4.02 2.01 2.45
 0 2.6 8.92 1.9 0.42 0.14
 0 2.7 11.55 5.44 0.86 0.19
 0.02 2.24 25.44 16.56 9.99 2.24
 0 0.35 1.8 6.79 6.09 1.77
 0.06 0.63 1.03 4.11 3.63 4.15
 55.98 0.58 7.8 8.81 23.6 28.97
 0.13 10.81 6.72 6.75 2.83 10.42
 0.2 1.82 17.38 4.65 4.16 8.84
 0 1.6 2.84 8.36 2.82 5.01
 0.04 0.22 2.86 2.81 5.22 2.36
 0 1.1 1.01 4.19 6.79 7.56
 0.05 0.3 8.5 1.61 2.57 12.28
 0.76 2.16 5.46 28.44 14.31 26.79
 60.45 3.12 3.39 3.65 12.24 11.92
 0.01 8.49 12.02 3.06 2.25 14.86
 0.09 1.37 8.46 5.47 3.31 7
 0.02 0.75 11.06 8.74 4.24 3.34
 0.05 5.12 3.41 4.61 5.45 4.32
obs.sprop.2.sp.1
 0.00249377 0.0226706 0.136024 0.181365 0.36273 0.294718
 0 0.333333 0.666667 0 0 0
 0 0.381679 0.236641 0 0.381679 0
 0 0 0 0.5 0.5 0
 0.0147783 0.0492611 0.147783 0.0492611 0.591133 0.147783
 0.0951351 0.216216 0 0.24 0.0162162 0.432432
 0.0288303 0.137287 0.137287 0.135182 0.140399 0.421014
 0.00795701 0.0155007 0.0258345 0.511522 0.160174 0.279012
 0.00171748 0.0214684 0.461571 0.246887 0.20395 0.0644053
 0.00314465 0.21174 0.401468 0.315514 0.0408805 0.0272537
 0.0354978 0.0883117 0.308225 0.393074 0.153247 0.021645
 0.00350877 0.0982456 0.303158 0.282105 0.141053 0.17193
 0 0.18598 0.638054 0.135908 0.0300429 0.0100143
 0 0.130183 0.556895 0.262295 0.0414658 0.00916104
 0.000354045 0.039653 0.450345 0.293149 0.176845 0.039653
 0 0.0208333 0.107143 0.404167 0.3625 0.105357
 0.00440852 0.0462895 0.0756796 0.301984 0.266716 0.304923
 0.445204 0.00461269 0.0620328 0.0700652 0.187689 0.230396
 0.00345194 0.287042 0.178439 0.179235 0.075146 0.276686
 0.00539811 0.0491228 0.469096 0.125506 0.112281 0.238596
 0 0.077557 0.137664 0.405235 0.136694 0.24285
 0.00296077 0.0162842 0.211695 0.207994 0.38638 0.174685
 0 0.0532688 0.0489104 0.202906 0.328814 0.366102
 0.0019755 0.011853 0.335836 0.0636112 0.101541 0.485184
 0.00975359 0.0277207 0.0700719 0.36499 0.18365 0.343814
 0.63786 0.0329218 0.0357708 0.0385143 0.129155 0.125778
 0.000245761 0.208651 0.295404 0.0752028 0.0552961 0.3652
 0.00350195 0.0533074 0.329183 0.21284 0.128794 0.272374
 0.00071048 0.026643 0.392895 0.31048 0.150622 0.11865
 0.0021777 0.222997 0.148519 0.200784 0.237369 0.188153
pred.sprop.2.sp.1
 0.0447786 0.462169 0.317677 0.0758654 0.049752 0.0497578
 0.00540655 0.266174 0.352439 0.242247 0.0578516 0.0758819
 0.00552403 0.0407645 0.255244 0.337947 0.232286 0.128235
 0.0122048 0.0416471 0.0388481 0.242822 0.321501 0.342976
 0.0128466 0.0868019 0.0379661 0.0354089 0.221325 0.605651
 0.0611142 0.0864381 0.0749573 0.0327853 0.030577 0.714128
 0.168197 0.279942 0.0508073 0.0440586 0.0192706 0.437725
 0.10069 0.550656 0.117342 0.0212959 0.0184672 0.19155
 0.0253533 0.455033 0.318219 0.0677807 0.0123013 0.121313
 0.0247436 0.164363 0.378582 0.264753 0.0563926 0.111165
 0.0297222 0.160165 0.136532 0.314475 0.219921 0.139184
 0.031654 0.186594 0.129046 0.110004 0.253372 0.28933
 0.0848643 0.185821 0.140535 0.0971915 0.0828497 0.408738
 0.0989001 0.378583 0.106105 0.0802402 0.0554927 0.280679
 0.0245875 0.450532 0.220574 0.0617943 0.0467308 0.195782
 0.0147373 0.161773 0.380361 0.186219 0.0521696 0.20474
 0.0276451 0.101568 0.142982 0.336165 0.164581 0.227058
 0.107701 0.161917 0.0762982 0.1074 0.252508 0.294176
 0.0172345 0.477594 0.0916685 0.0431959 0.0608041 0.309503
 0.0173957 0.119828 0.419512 0.0804348 0.0379024 0.324927
 0.0157445 0.124184 0.105013 0.367135 0.0703924 0.31753
 0.0580638 0.11109 0.105433 0.0885719 0.309654 0.327187
 0.0158662 0.327177 0.0776121 0.0735181 0.0617608 0.444066
 0.038245 0.117474 0.281376 0.0665008 0.062993 0.433411
 0.231468 0.207923 0.0693096 0.163737 0.0386978 0.288865
 0.148118 0.625204 0.0617997 0.0203843 0.0481558 0.0963376
 0.0170839 0.604544 0.278663 0.0271842 0.00896655 0.0635592
 0.0299725 0.129709 0.518889 0.236725 0.0230931 0.061611
 0.0331502 0.207104 0.102313 0.405958 0.185205 0.0662692
 0.0460025 0.223611 0.15766 0.077128 0.306028 0.189571
TCwt
 75
TSwt
 100 0
CPwt
 1
SPwt
 50 0
nBpen
 38
lBpen
 143
Bthres
 1e-05
Bwt
 1e+15
Ywt
 5.5e-05
Rwt
 1e+06
Rthres
 0.4
TCres
 13.3216
CPmulti
 13.3937
CPideal
 10.3792
TSresA
 1087.57 0
TSresB
 1086.52 0
SPmulti
 2471.46 0
SPideal
 1852.96 0
tYpen
 0.00156574
tRpen
 4.34354
Devs
 2.87847e-15
ofvsp
 3585.75
ofvsp_ideal
 1722.41
