mgc
0.000292596
ofv
5050.31
ofv_ideal
737.148
nsp
1
nf
369
nFIC
2
yrs
 1978 1979 1980 1981 1982 1983 1984 1985 1986 1987 1988 1989 1990 1991 1992 1993 1994 1995 1996 1997 1998 1999 2000 2001 2002 2003 2004 2005 2006 2007
nyr
 30
nage
 10
FICnseg
 1
M1nseg
1
M1yr
 1978
agePR
 1
ageFR
 4
ficFR
 3
FICfage
 1 1
FIClage
 10 10
FICs.lage
 1
Ft
 0.406963 0.400599 0.579833 0.593859 0.949581 0.882716 0.765069 1.26885 0.842883 0.839526 0.906253 0.735532 0.936611 1.19819 1.04834 1.18954 0.924334 0.448073 0.451522 0.597751 0.480916 0.564099 0.449188 0.567948 0.484621 0.494547 0.268207 0.226886 0.214343 0.296097
nFt
 30
nsel
 3
FICnsel
 2
obs.sumC
 12.5 10.23 15.168 15.079 22.057 19.593 10.928 15.428 9.178 12.69 14.386 11.917 15.79 11.667 10.313 8.882 4.982 3.249 3.09 3.738 3.522 3.859 3.446 5.127 3.594 2.665 1.504 1.509 1.634 2.345
obs.totc
 35.659 39.161 48.682 47.539 61.09 53.409 39.765 42.298 26.876 32.113 41.977 34.34 44.412 38.809 29.684 24.62 15.755 9.069 9.719 11.785 9.889 10.992 9.772 13.586 11.369 8.901 5.238 4.401 4.611 5.957
pred.totc
 35.9516 41.703 53.1702 47.2778 65.3128 52.1659 38.1721 43.7296 25.1931 29.5515 36.6547 30.4676 41.5963 42.8351 25.7807 21.8659 15.5811 9.36295 11.1293 12.8885 9.81758 11.2873 9.55901 12.4414 10.5213 9.83571 5.50077 4.76509 4.91059 6.39733
resid.totc
 -0.00817149 -0.0628892 -0.0881866 0.00550953 -0.066839 0.0235496 0.0408805 -0.0332847 0.0646594 0.0831221 0.135576 0.119643 0.0654963 -0.0987037 0.140978 0.118624 0.0110958 -0.0318952 -0.135484 -0.0895018 0.00724801 -0.0265062 0.0220352 0.0880041 0.0774855 -0.099845 -0.0489393 -0.0794679 -0.0629369 -0.0713029
Age1
 3.03104 2.85711 3.86905 2.90838 2.3835 3.30384 1.70585 3.7294 2.60732 3.28969 3.31846 2.22006 2.77822 2.35058 2.66348 2.20168 1.40298 1.78956 2.16139 1.51088 2.39012 2.28012 1.27949 2.03839 0.57634 2.10442 0.273615 1.43542 0.302688
Yr1
 3.28087 1.42696 3.38204 2.04008 1.13905 -0.0794866 0.373575 -2.07385 -1.98181 -3.01143
FICmonth.1
 4 10
sel.1
 0.0257595 0.312396 0.785546 1 1 1 1 1 1 1
FICsel.1
 0.520077 0.665644 1 1 1 1 1 1 1 1
FIC.q.1
 0.180216
 0.12662
FIC.yr.1
 0
M1.1
 0.2 0.2 0.2 0.2 0.2 0.2 0.2 0.2 0.2 0.2
obs.CAA.1
 0.152 0.417 8.109 2.43 0.897 0.178 0.241 0.023 0.042 0.011
 0.279 2.243 0.954 4.585 1.207 0.45 0.16 0.304 0.013 0.035
 0.34 4.239 5.955 0.545 2.465 0.983 0.418 0.07 0.139 0.014
 1.219 3.911 4.738 2.685 0.318 1.406 0.417 0.163 0.156 0.066
 0.775 10.457 4.434 2.988 2.04 0.297 0.707 0.199 0.075 0.085
 0.626 5.182 8.753 2.68 1.155 0.746 0.095 0.175 0.068 0.113
 0.281 1.548 3.486 3.328 0.924 0.56 0.45 0.059 0.167 0.125
 0.176 7.444 2.942 1.69 2.098 0.496 0.267 0.197 0.028 0.09
 0.768 1.594 4.576 0.86 0.525 0.615 0.086 0.07 0.056 0.028
 0.104 7.956 1.515 2.17 0.3 0.25 0.277 0.056 0.036 0.026
 0.325 2.352 8.368 1.074 1.576 0.224 0.15 0.218 0.046 0.053
 0.891 2.609 3.033 4.254 0.383 0.534 0.081 0.051 0.06 0.021
 0.072 5.561 5.373 1.964 2.272 0.231 0.229 0.025 0.023 0.04
 0.27 1.938 3.486 3.159 1.442 1.088 0.141 0.09 0.027 0.026
 0.138 4.448 2.273 1.066 1.496 0.447 0.355 0.044 0.036 0.01
 0.299 1.535 4.429 1.225 0.475 0.536 0.178 0.141 0.043 0.021
 0.091 0.605 1.541 1.987 0.426 0.098 0.146 0.051 0.031 0.006
 0.032 0.649 1.427 0.67 0.382 0.041 0.021 0.02 0.006 0.001
 0.065 0.287 0.987 1.27 0.256 0.184 0.018 0.012 0.011 0
 0.126 0.684 0.749 1.021 0.883 0.148 0.094 0.019 0.01 0.004
 0.063 0.919 1.31 0.494 0.386 0.285 0.04 0.016 0.006 0.003
 0.046 0.354 2.02 0.852 0.287 0.126 0.144 0.022 0.005 0.003
 0.113 0.942 0.741 1.156 0.316 0.088 0.046 0.039 0.004 0.001
 0.012 0.72 2.667 0.752 0.699 0.18 0.055 0.026 0.015 0.001
 0.022 0.083 1.129 1.505 0.363 0.371 0.085 0.019 0.011 0.006
 0.017 0.199 0.403 0.8 0.91 0.156 0.142 0.028 0.007 0.003
 0.05 0.069 0.434 0.26 0.314 0.253 0.058 0.049 0.012 0.005
 0.012 0.355 0.199 0.577 0.144 0.106 0.085 0.018 0.009 0.004
 0.031 0.067 0.827 0.207 0.365 0.071 0.031 0.028 0.004 0.003
 0.011 0.526 0.395 1.176 0.072 0.129 0.016 0.01 0.009 0.001
obs.cprop.1
 0.01216 0.03336 0.64872 0.1944 0.07176 0.01424 0.01928 0.00184 0.00336 0.00088
 0.0272727 0.219257 0.0932551 0.448192 0.117986 0.0439883 0.0156403 0.0297165 0.00127077 0.00342131
 0.0224156 0.27947 0.392603 0.0359309 0.162513 0.0648075 0.027558 0.00461498 0.00916403 0.000922996
 0.0808409 0.259367 0.314212 0.178062 0.0210889 0.0932423 0.0276544 0.0108097 0.0103455 0.00437695
 0.0351362 0.47409 0.201025 0.135467 0.0924876 0.0134651 0.0320533 0.00902208 0.00340028 0.00385365
 0.0319502 0.264482 0.446741 0.136784 0.0589496 0.0380748 0.00484867 0.00893176 0.00347063 0.00576737
 0.0257138 0.141654 0.318997 0.304539 0.0845534 0.0512445 0.0411786 0.00539898 0.0152818 0.0114385
 0.0114078 0.482499 0.190692 0.109541 0.135987 0.0321493 0.0173062 0.012769 0.00181488 0.00583355
 0.0836784 0.173676 0.498584 0.0937023 0.057202 0.0670081 0.00937023 0.00762693 0.00610155 0.00305077
 0.00819543 0.62695 0.119385 0.171001 0.0236407 0.0197006 0.0218282 0.00441292 0.00283688 0.00204886
 0.0225914 0.163492 0.581677 0.0746559 0.109551 0.0155707 0.0104268 0.0151536 0.00319755 0.00368414
 0.0747671 0.218931 0.25451 0.356969 0.032139 0.0448099 0.00679701 0.0042796 0.00503482 0.00176219
 0.00455985 0.352185 0.340279 0.124383 0.143889 0.0146295 0.0145028 0.00158328 0.00145662 0.00253325
 0.0231422 0.16611 0.298791 0.270764 0.123596 0.0932545 0.0120854 0.00771407 0.00231422 0.00222851
 0.0133812 0.4313 0.220401 0.103365 0.14506 0.0433434 0.0344226 0.00426646 0.00349074 0.00096965
 0.0336636 0.172821 0.498649 0.137919 0.0534789 0.0603468 0.0200405 0.0158748 0.00484125 0.00236433
 0.0182658 0.121437 0.309314 0.398836 0.0855078 0.0196708 0.0293055 0.0102369 0.0062224 0.00120434
 0.00984918 0.199754 0.439212 0.206217 0.117575 0.0126193 0.00646353 0.00615574 0.00184672 0.000307787
 0.0210356 0.0928803 0.319417 0.411003 0.0828479 0.0595469 0.00582524 0.0038835 0.00355987 0
 0.0337079 0.182986 0.200375 0.273141 0.236223 0.0395934 0.0251471 0.00508293 0.00267523 0.00107009
 0.0178876 0.260931 0.371948 0.140261 0.109597 0.0809199 0.0113572 0.00454287 0.00170358 0.000851789
 0.0119202 0.0917336 0.523452 0.220783 0.0743716 0.0326509 0.0373154 0.00570096 0.00129567 0.000777403
 0.0327916 0.27336 0.215032 0.335461 0.0917005 0.0255369 0.0133488 0.0113175 0.00116077 0.000290192
 0.00234055 0.140433 0.520187 0.146674 0.136337 0.0351083 0.0107275 0.00507119 0.00292569 0.000195046
 0.00612131 0.023094 0.314135 0.418753 0.101002 0.103228 0.0236505 0.00528659 0.00306066 0.00166945
 0.00637899 0.0746717 0.15122 0.300188 0.341463 0.0585366 0.0532833 0.0105066 0.00262664 0.0011257
 0.0332447 0.0458777 0.288564 0.172872 0.208777 0.168218 0.0385638 0.0325798 0.00797872 0.00332447
 0.00795229 0.235255 0.131875 0.382372 0.0954274 0.0702452 0.0563287 0.0119284 0.00596421 0.00265076
 0.0189718 0.0410037 0.50612 0.126683 0.223378 0.0434517 0.0189718 0.0171359 0.00244798 0.00183599
 0.00469083 0.224307 0.168443 0.501493 0.0307036 0.0550107 0.00682303 0.00426439 0.00383795 0.000426439
pred.cprop.1
 0.0206775 0.0371475 0.603394 0.192949 0.0783663 0.0231701 0.0364493 0.00315344 0.00345748 0.00123481
 0.0179837 0.21474 0.0689113 0.491633 0.117742 0.0478211 0.014139 0.0222423 0.00192431 0.00286335
 0.0165054 0.178357 0.366879 0.050984 0.272632 0.0652933 0.0265188 0.00784066 0.0123343 0.00265496
 0.0509461 0.167085 0.301806 0.256041 0.0260728 0.139421 0.0333904 0.0135615 0.00400965 0.00766538
 0.018915 0.425327 0.217017 0.156557 0.0971477 0.00989261 0.0528997 0.0126691 0.00514555 0.00442977
 0.0120212 0.174757 0.586097 0.108761 0.0547043 0.0339455 0.00345669 0.0184843 0.00442685 0.00334582
 0.0403636 0.140707 0.315374 0.395656 0.0516687 0.0259881 0.0161263 0.00164215 0.00878125 0.00369253
 0.0101929 0.414101 0.206411 0.172423 0.154687 0.0202006 0.0101604 0.00630482 0.000642023 0.0048768
 0.09004 0.10206 0.592706 0.0982093 0.0546198 0.0490015 0.00639911 0.00321859 0.00199723 0.00174824
 0.0222571 0.592901 0.102759 0.224427 0.026313 0.0146342 0.0131289 0.0017145 0.00086235 0.00100351
 0.0382091 0.166051 0.668104 0.043365 0.0670465 0.00786089 0.00437189 0.00392219 0.000512198 0.000557418
 0.0400116 0.341309 0.229183 0.343469 0.0156377 0.0241774 0.00283469 0.00157653 0.00141437 0.000385711
 0.0125772 0.323944 0.421693 0.108906 0.117178 0.00533494 0.00824834 0.000967079 0.000537848 0.000614113
 0.0293699 0.138783 0.503977 0.234111 0.0422312 0.0454387 0.00206877 0.00319851 0.00037501 0.000446703
 0.0270556 0.346998 0.22801 0.276789 0.0865038 0.0156044 0.0167895 0.000764406 0.00118185 0.000303622
 0.0432531 0.260736 0.46404 0.105444 0.0880076 0.0275047 0.00496155 0.00533839 0.00024305 0.000472318
 0.0282442 0.381034 0.32734 0.197032 0.0301597 0.0251725 0.00786708 0.00141914 0.00152692 0.000204615
 0.0112723 0.228477 0.503508 0.164266 0.0691804 0.0105895 0.00883841 0.00276224 0.000498278 0.000607966
 0.0169675 0.106369 0.378643 0.360899 0.0877319 0.0369482 0.00565568 0.00472046 0.00147527 0.000590828
 0.029479 0.183886 0.19634 0.298184 0.211683 0.0514585 0.0216717 0.0033173 0.00276875 0.00121185
 0.0157103 0.275668 0.293391 0.129842 0.144163 0.102342 0.0248785 0.0104776 0.00160381 0.00192449
 0.0377017 0.14212 0.425759 0.192378 0.0631781 0.0701461 0.0497971 0.0121053 0.00509814 0.00171679
 0.031179 0.320302 0.208443 0.261918 0.0868969 0.0285374 0.0316849 0.0224933 0.00546795 0.00307829
 0.0099602 0.2461 0.433375 0.120704 0.112998 0.0374896 0.0123118 0.0136697 0.00970419 0.00368707
 0.0228332 0.0979013 0.414284 0.304722 0.0622865 0.05831 0.0193456 0.00635321 0.00705392 0.00691024
 0.00598736 0.236785 0.175735 0.317324 0.17312 0.0353866 0.0331275 0.0109908 0.00360943 0.00793341
 0.0293152 0.0600924 0.430959 0.138975 0.185899 0.10142 0.0207307 0.0194072 0.00643875 0.00676218
 0.00443069 0.264198 0.102547 0.340328 0.0835929 0.111817 0.0610034 0.0124694 0.0116733 0.00794028
 0.0136017 0.0407926 0.464725 0.0844604 0.214548 0.0526983 0.0704914 0.0384575 0.00786088 0.0123647
 0.00487692 0.143527 0.0809406 0.429766 0.0598728 0.15209 0.0373571 0.0499703 0.027262 0.0143376
Wt.1
 0.579 1.251 2.441 3.407 4.014 5.696 6.645 8.708 9.936 13.887
 0.694 1.364 1.892 4.28 4.931 7.176 9.664 10.35 10.438 13.611
 0.644 1.413 2.431 3.546 5.583 6.748 8.305 9.926 9.295 14.9
 0.587 1.441 2.381 3.529 5.055 7.303 8.78 9.8 14.018 16.799
 0.643 1.393 2.54 3.72 5.282 6.576 9.466 9.745 12.972 15.623
 0.676 1.436 2.389 3.352 4.784 6.447 8.491 10.667 11.699 16.319
 0.54 1.499 2.476 3.668 4.937 6.554 8.738 10.309 11.093 14.643
 0.806 1.385 2.075 3.72 4.977 6.439 8.247 10.279 11.765 14.047
 0.674 1.357 2.448 3.611 5.494 7.173 8.877 9.944 12.947 14.562
 0.582 1.468 2.476 4.171 5.768 7.777 8.908 10.336 12.027 15.642
 0.492 1.379 2.373 3.506 5.412 6.781 8.722 10.433 11.535 14.926
 0.435 1.436 2.204 3.732 5.181 6.563 7.937 9.976 11.287 14.651
 0.531 1.489 2.463 3.573 4.967 6.402 8.404 11.191 12.425 14.512
 0.658 1.52 2.499 3.52 4.809 5.825 7.318 9.388 9.615 14.649
 0.83 1.435 2.408 3.798 4.52 6.043 7.085 9.472 11.841 18.836
 0.284 1.306 2.208 3.227 4.984 5.82 7.378 8.922 11.135 12.228
 0.477 1.198 2.153 3.544 4.787 7.074 7.176 9.116 9.003 15.762
 0.396 1.347 1.977 3.721 5.249 7.43 9.327 12.197 11.841 19.118
 0.487 1.442 2.391 3.218 4.875 6.496 8.101 9.699 10.974 8.621
 0.539 1.463 2.328 3.445 4.033 5.734 7.734 8.09 11.42 12.087
 0.619 1.432 2.261 3.425 4.571 5.576 7.399 7.753 11.825 12.31
 0.534 1.431 2.137 3.355 4.543 5.867 6.641 8.406 9.562 13.201
 0.388 1.529 2.386 3.388 4.55 5.472 6.996 8.013 8.049 12.597
 0.601 1.365 2.212 2.937 4.101 5.265 5.98 7.681 9.043 9.737
 0.49 1.316 2.105 2.957 3.949 5.156 6.475 8 9.248 11.708
 0.602 1.458 2.254 2.907 3.866 4.71 5.789 6.918 8.251 10.448
 0.332 1.533 2.364 3.08 3.883 4.824 5.651 7.371 8.552 11.1
 0.431 1.035 2.102 3.068 4.003 4.925 5.467 7.497 8.786 11.37
 0.379 1.079 2.093 3.107 3.679 4.535 6.462 6.394 7.519 9.074
 0.423 1.42 1.917 2.899 3.627 4.173 5.932 6.957 6.922 9.07
N.1
 26.5988 4.16603 29.4307 7.69122 3.12379 0.92359 1.45292 0.1257 0.13782 0.0492211
 20.7187 21.5502 3.00365 17.5026 4.19174 1.70247 0.50336 0.791846 0.0685072 0.101938
 17.4111 16.7889 15.5683 1.79524 9.59987 2.2991 0.933778 0.276084 0.434314 0.0934863
 47.8967 14.0436 11.4682 8.08291 0.823088 4.40137 1.0541 0.428121 0.12658 0.241987
 18.3271 38.6192 9.55105 5.88895 3.65426 0.372115 1.98985 0.476554 0.193552 0.166628
 10.8428 14.6424 23.5024 3.70881 1.86544 1.15756 0.117875 0.630323 0.150958 0.114094
 27.2169 8.67777 9.09897 9.61851 1.25608 0.631777 0.392035 0.0399212 0.213474 0.0897663
 5.50606 21.8485 5.59436 4.08436 3.66424 0.478513 0.24068 0.149349 0.0152083 0.115522
 41.6543 4.36302 12.0341 1.69049 0.94018 0.843472 0.110149 0.0554021 0.0343786 0.0300927
 13.5626 33.3712 2.74519 5.0816 0.595793 0.331354 0.297271 0.0388206 0.0195258 0.0227221
 26.8344 10.8666 21.019 1.16226 1.79696 0.210685 0.117174 0.105122 0.0137278 0.0149398
 27.6179 21.4632 6.70317 8.44457 0.384471 0.594429 0.0696939 0.0387608 0.0347738 0.00948313
 9.2079 22.1872 13.9651 3.07956 3.31346 0.150857 0.23324 0.0273463 0.0152088 0.0173654
 16.0904 7.35908 13.5573 5.4784 0.988245 1.0633 0.0484108 0.0748479 0.00877555 0.0104532
 10.4916 12.7733 4.14385 4.33054 1.35341 0.24414 0.262683 0.0119596 0.0184907 0.00475036
 14.3462 8.36097 7.53729 1.48901 1.24278 0.388403 0.0700638 0.0753852 0.00343219 0.00666977
 9.04019 11.3912 4.72074 2.42402 0.371046 0.30969 0.0967861 0.0174592 0.0187852 0.00251731
 4.06732 7.22733 6.98721 1.86985 0.787487 0.120541 0.100609 0.0314428 0.00567195 0.00692054
 5.98685 3.29183 5.14432 4.02329 0.978032 0.411897 0.0630494 0.0526236 0.0164462 0.00658653
 8.68317 4.84494 2.34056 2.95412 2.09715 0.509801 0.214702 0.0328646 0.0274301 0.0120059
 4.53071 7.00055 3.29102 1.19821 1.33036 0.944431 0.229584 0.0966892 0.0148003 0.0177596
 10.9148 3.66376 4.93204 1.84673 0.606478 0.673367 0.478027 0.116205 0.0489395 0.0164803
 9.77786 8.80738 2.51499 2.59251 0.860122 0.282469 0.313623 0.222643 0.0541228 0.0304695
 3.59481 7.91333 6.2668 1.44688 1.35451 0.449388 0.147582 0.163859 0.116324 0.0441969
 7.67823 2.90044 5.42558 3.28418 0.671301 0.628444 0.2085 0.0684726 0.0760245 0.074476
 1.77951 6.20841 2.04106 3.03567 1.65615 0.338525 0.316913 0.105143 0.0345295 0.0758946
 8.20237 1.4385 4.35537 1.13312 1.51571 0.826917 0.169026 0.158235 0.0524978 0.0551348
 1.31471 6.6693 1.08309 2.88846 0.709476 0.949024 0.517752 0.105831 0.0990745 0.0673913
 4.20142 1.07012 5.08674 0.741994 1.88483 0.46296 0.619274 0.337853 0.0690587 0.108625
 1.35349 3.42089 0.819395 3.51929 0.49029 1.24544 0.305912 0.4092 0.223245 0.117409
iM2.1
 0 0 0 0 0 0 0 0 0 0
M2.1
 0 0 0 0 0 0 0 0 0 0
 0 0 0 0 0 0 0 0 0 0
 0 0 0 0 0 0 0 0 0 0
 0 0 0 0 0 0 0 0 0 0
 0 0 0 0 0 0 0 0 0 0
 0 0 0 0 0 0 0 0 0 0
 0 0 0 0 0 0 0 0 0 0
 0 0 0 0 0 0 0 0 0 0
 0 0 0 0 0 0 0 0 0 0
 0 0 0 0 0 0 0 0 0 0
 0 0 0 0 0 0 0 0 0 0
 0 0 0 0 0 0 0 0 0 0
 0 0 0 0 0 0 0 0 0 0
 0 0 0 0 0 0 0 0 0 0
 0 0 0 0 0 0 0 0 0 0
 0 0 0 0 0 0 0 0 0 0
 0 0 0 0 0 0 0 0 0 0
 0 0 0 0 0 0 0 0 0 0
 0 0 0 0 0 0 0 0 0 0
 0 0 0 0 0 0 0 0 0 0
 0 0 0 0 0 0 0 0 0 0
 0 0 0 0 0 0 0 0 0 0
 0 0 0 0 0 0 0 0 0 0
 0 0 0 0 0 0 0 0 0 0
 0 0 0 0 0 0 0 0 0 0
 0 0 0 0 0 0 0 0 0 0
 0 0 0 0 0 0 0 0 0 0
 0 0 0 0 0 0 0 0 0 0
 0 0 0 0 0 0 0 0 0 0
 0 0 0 0 0 0 0 0 0 0
obs.totFIC.1
 9.001 4.894 7.572 10.138 32.79 7.621 4.078 6.784 4.951 3.236 5.689 4.794 4.747 4.12 2.67 2.286 0.916 2.81 2.699 2.013 4.343 2.081 3.517 1.863 2.065 1.975 5.381 1.9014 3.1588 3.3724
 8.196 5.835 2.627 8.778 2.976 2.854 4.55 1.305 2.912 2.122 2.52 4.589 4.624 0.917 1.689 1.971 1.751 3.457 1.08 0.86 1.798 0.946 1.29 1.017 4.469 0.921 2.502 0.972 1.341 0.515
pred.totFIC.1
 9.22039 8.25368 7.69221 9.41144 8.34092 6.56 6.12488 4.26871 6.17306 5.79763 6.66575 6.83298 5.74537 4.66313 3.46791 3.37622 2.97367 2.6013 2.45117 2.41362 2.1824 2.58635 2.80648 2.58065 2.50448 1.91476 2.16194 1.85234 1.95906 1.58242
 5.18493 4.68638 4.15032 5.31822 4.3216 3.23449 3.28429 2.00595 3.46977 3.16587 3.4964 3.77977 2.88998 2.22467 1.76763 1.71828 1.56995 1.45756 1.35805 1.32422 1.2232 1.4458 1.62081 1.39662 1.38808 1.04069 1.27715 1.095 1.15789 0.90177
toteps.1
 -0.0240818 -0.522649 -0.0157511 0.074365 1.36895 0.149916 -0.406752 0.463256 -0.220604 -0.583111 -0.158449 -0.354395 -0.190881 -0.123833 -0.261473 -0.389953 -1.17753 0.0771715 0.0963148 -0.181501 0.688139 -0.217399 0.225676 -0.325851 -0.192952 0.0309767 0.911868 0.0261419 0.477728 0.756668
 0.45789 0.219215 -0.457344 0.50111 -0.373045 -0.12515 0.325976 -0.429914 -0.175248 -0.400069 -0.327474 0.194 0.47001 -0.886258 -0.0455052 0.137215 0.109145 0.863636 -0.229091 -0.431644 0.385206 -0.424178 -0.228284 -0.317198 1.16924 -0.122177 0.672461 -0.119158 0.14682 -0.560193
resid.totFIC.1
 -0.0240791 -0.522566 -0.015749 0.0743574 1.36886 0.149895 -0.40667 0.463169 -0.220564 -0.582975 -0.158423 -0.354333 -0.190844 -0.123805 -0.261387 -0.389812 -1.17678 0.077143 0.0962774 -0.181418 0.687911 -0.217305 0.225604 -0.325702 -0.192867 0.0309608 0.911592 0.026128 0.477534 0.756333
 0.457819 0.219173 -0.457204 0.501036 -0.37294 -0.125109 0.325891 -0.429646 -0.175192 -0.399914 -0.327363 0.193953 0.46988 -0.885618 -0.0454789 0.137141 0.109079 0.863239 -0.228902 -0.431236 0.384945 -0.423813 -0.228126 -0.316931 1.16875 -0.122052 0.672078 -0.119042 0.146702 -0.559361
Age1CV.1
0.408433
obs.FIC.1.sp.1
 0.372 0.192 5.531 0.972 0.778 0.142 0.712 0.065 0.141 0.096
 0.428 1.298 0.275 1.852 0.547 0.236 0.084 0.139 0.013 0.022
 0.031 2.217 2.69 0.212 1.705 0.374 0.186 0.031 0.03 0.096
 2.302 1.852 2.811 1.685 0.106 0.879 0.258 0.132 0 0.113
 0.508 5.435 9.502 8.324 6.208 0.293 1.866 0.369 0.082 0.203
 0.332 1.952 3.017 0.796 0.697 0.443 0.027 0.219 0 0.138
 0.402 0.431 0.761 1.238 0.422 0.4 0.209 0 0.215 0
 0.111 2.653 0.663 1.11 1.412 0.265 0.192 0.18 0.037 0.161
 0.872 0.409 1.844 0.365 0.54 0.618 0.062 0.125 0.101 0.015
 0.02 1.613 0.378 0.763 0.062 0.179 0.136 0.033 0.027 0.025
 0.72 0.609 3.15 0.409 0.644 0.064 0.037 0.049 0 0.007
 0.31 1.41 0.666 1.583 0.235 0.351 0.051 0.04 0.055 0.093
 0.173 0.922 1.737 0.674 0.912 0.13 0.143 0.013 0.016 0.027
 1.027 0.528 0.689 0.929 0.479 0.328 0.054 0.041 0 0.045
 0.123 1.252 0.468 0.168 0.273 0.142 0.159 0.02 0.037 0.028
 0.009 0.399 1.306 0.205 0.09 0.138 0.029 0.034 0.021 0.055
 0.125 0.272 0.2 0.217 0.033 0.006 0.044 0 0.019 0
 0.05 0.382 0.854 0.534 0.599 0.107 0.234 0.028 0.022 0
 0.073 0.214 0.736 1.247 0.174 0.209 0.028 0.018 0 0
 0.291 0.437 0.17 0.489 0.422 0.05 0.134 0.02 0 0
 0.111 0.665 1.298 0.848 0.755 0.533 0.102 0.031 0 0
 0.212 0.291 0.609 0.51 0.238 0.119 0.064 0.031 0.007 0
 0.221 0.807 0.83 1.141 0.37 0.102 0.026 0.02 0 0
 0.061 0.235 0.794 0.16 0.383 0.177 0.023 0.018 0.012 0
 0.065 0.093 0.383 0.993 0.239 0.225 0.039 0 0 0.028
 0.016 0.213 0.271 0.623 0.696 0.064 0.08 0.012 0 0
 0.637 0.058 0.579 1.407 1.354 0.893 0.179 0.261 0.013 0
 0.0119 0.4838 0.1378 0.631 0.2744 0.2053 0.1274 0.0298 0 0
 0.1786 0.231 1.3059 0.3319 0.7234 0.2128 0.1213 0.0539 0 0
 0.125 0.639 0.3756 1.7937 0.1809 0.2092 0.0309 0.0181 0 0
obs.sprop.1.sp.1
 0.0413287 0.021331 0.614487 0.107988 0.0864348 0.015776 0.0791023 0.00722142 0.0156649 0.0106655
 0.087454 0.265223 0.0561913 0.378423 0.11177 0.0482223 0.0171639 0.0284021 0.00265631 0.0044953
 0.00409403 0.292789 0.355256 0.0279979 0.225172 0.0493925 0.0245642 0.00409403 0.00396197 0.0126783
 0.227066 0.182679 0.277274 0.166206 0.0104557 0.0867035 0.0254488 0.0130203 0 0.0111462
 0.0154925 0.165752 0.289783 0.253858 0.189326 0.00893565 0.0569076 0.0112534 0.00250076 0.00619091
 0.0435638 0.256134 0.39588 0.104448 0.0914578 0.0581289 0.00354284 0.0287364 0 0.0181079
 0.0985777 0.105689 0.186611 0.30358 0.103482 0.0980873 0.0512506 0 0.0527219 0
 0.016362 0.391067 0.09773 0.16362 0.208137 0.0390625 0.0283019 0.026533 0.00545401 0.0237323
 0.176126 0.0826096 0.37245 0.0737225 0.109069 0.124823 0.0125227 0.0252474 0.0203999 0.00302969
 0.00618047 0.498455 0.116811 0.235785 0.0191595 0.0553152 0.0420272 0.0101978 0.00834363 0.00772559
 0.12656 0.107049 0.5537 0.0718931 0.113201 0.0112498 0.00650378 0.00861311 0 0.00123044
 0.0646642 0.294118 0.138924 0.330204 0.0490196 0.0732165 0.0106383 0.00834376 0.0114727 0.0193992
 0.0364441 0.194228 0.365915 0.141984 0.192121 0.0273857 0.0301243 0.00273857 0.00337055 0.0056878
 0.249272 0.128155 0.167233 0.225485 0.116262 0.0796117 0.0131068 0.00995146 0 0.0109223
 0.0460674 0.468914 0.175281 0.0629213 0.102247 0.0531835 0.0595506 0.00749064 0.0138577 0.0104869
 0.00393701 0.174541 0.571304 0.0896763 0.0393701 0.0603675 0.0126859 0.0148731 0.00918635 0.0240595
 0.136463 0.296943 0.218341 0.2369 0.0360262 0.00655022 0.0480349 0 0.0207424 0
 0.0177936 0.135943 0.303915 0.190036 0.213167 0.0380783 0.083274 0.00996441 0.00782918 0
 0.0270471 0.0792886 0.272694 0.462023 0.0644683 0.0774361 0.0103742 0.00666914 0 0
 0.14456 0.217089 0.0844511 0.242921 0.209637 0.0248385 0.0665673 0.00993542 0 0
 0.0255584 0.15312 0.298872 0.195257 0.173843 0.122726 0.0234861 0.00713792 0 0
 0.101874 0.139837 0.292648 0.245074 0.114368 0.057184 0.0307544 0.0148967 0.00336377 0
 0.0628376 0.229457 0.235997 0.324424 0.105203 0.029002 0.00739266 0.00568666 0 0
 0.0327429 0.126141 0.426194 0.085883 0.205582 0.0950081 0.0123457 0.00966184 0.00644122 0
 0.031477 0.0450363 0.185472 0.480872 0.115738 0.108959 0.0188862 0 0 0.0135593
 0.00810127 0.107848 0.137215 0.315443 0.352405 0.0324051 0.0405063 0.00607595 0 0
 0.118379 0.0107787 0.107601 0.261476 0.251626 0.165954 0.0332652 0.048504 0.00241591 0
 0.00625855 0.254444 0.0724729 0.331861 0.144315 0.107973 0.0670033 0.0156727 0 0
 0.0565405 0.073129 0.413416 0.105072 0.229011 0.0673674 0.0384007 0.0170634 0 0
 0.0370656 0.189479 0.111375 0.531876 0.0536413 0.062033 0.00916261 0.0053671 0 0
pred.sprop.1.sp.1
 0.25206 0.0486016 0.483739 0.122793 0.0498722 0.0147454 0.0231963 0.00200685 0.00220034 0.00078583
 0.219346 0.28104 0.0552442 0.312826 0.0749194 0.0304285 0.00899661 0.0141527 0.00122444 0.00182195
 0.197479 0.230585 0.293152 0.0324319 0.173426 0.0415343 0.0168692 0.0049876 0.00784609 0.00168888
 0.443959 0.157416 0.175852 0.118791 0.0120965 0.0646849 0.0154916 0.00629189 0.00186028 0.00355637
 0.191094 0.470682 0.150554 0.0867359 0.053822 0.00548073 0.0293076 0.00701896 0.00285075 0.00245419
 0.143832 0.228491 0.479366 0.0710207 0.0357217 0.0221663 0.00225721 0.0120702 0.00289072 0.00218481
 0.387077 0.146823 0.20499 0.205161 0.026792 0.0134757 0.00836206 0.000851513 0.00455338 0.0019147
 0.111872 0.503298 0.15849 0.105678 0.0948075 0.0123809 0.00622729 0.00386421 0.000393495 0.00298898
 0.587387 0.0726526 0.263574 0.0348605 0.0193879 0.0173937 0.00227144 0.00114248 0.000708938 0.000620558
 0.203643 0.591884 0.0640755 0.111701 0.0130964 0.00728364 0.00653444 0.000853332 0.000429205 0.000499464
 0.350245 0.166472 0.419319 0.021732 0.0335998 0.00393942 0.00219094 0.00196557 0.000256684 0.000279346
 0.352165 0.326516 0.136416 0.163053 0.0074236 0.0114776 0.00134569 0.000748417 0.000671434 0.000183106
 0.139399 0.393107 0.320669 0.0661337 0.0711567 0.00323967 0.00500885 0.000587263 0.000326611 0.000372923
 0.299454 0.15633 0.358161 0.13285 0.0239647 0.0257849 0.00117395 0.00181504 0.000212805 0.000253488
 0.262891 0.370603 0.153095 0.14844 0.0463915 0.00836854 0.00900415 0.000409947 0.000633818 0.000162831
 0.368788 0.245535 0.275646 0.0500153 0.0417448 0.0130463 0.00235342 0.00253217 0.000115286 0.000224036
 0.264452 0.390443 0.210109 0.100989 0.0154584 0.0129022 0.00403228 0.00072738 0.000782626 0.000104875
 0.13657 0.297581 0.402716 0.104374 0.043957 0.00672852 0.00561589 0.00175511 0.000316604 0.000386299
 0.213328 0.143789 0.314375 0.238058 0.0578702 0.024372 0.00373064 0.00311374 0.000973125 0.000389726
 0.313826 0.211675 0.139803 0.16907 0.120024 0.0291769 0.0122878 0.0018809 0.00156988 0.00068712
 0.181278 0.342398 0.224154 0.078853 0.0875499 0.0621521 0.0151087 0.00636302 0.000973992 0.00116875
 0.368242 0.149903 0.277352 0.099746 0.0327572 0.03637 0.0258193 0.00627647 0.00264333 0.000890137
 0.304309 0.336088 0.134317 0.134082 0.0444848 0.0146091 0.0162203 0.0115149 0.00279918 0.00157586
 0.121545 0.324361 0.352834 0.0782214 0.0732277 0.0242949 0.00797857 0.00885855 0.00628873 0.00238938
 0.267697 0.123569 0.321705 0.188102 0.0384489 0.0359942 0.0119419 0.00392178 0.00435432 0.00426562
 0.0811431 0.345608 0.157885 0.226667 0.123661 0.0252769 0.0236632 0.00785077 0.00257824 0.00566688
 0.331898 0.0726138 0.316608 0.0808066 0.10809 0.0589701 0.0120537 0.0112842 0.00374378 0.00393184
 0.0621114 0.394622 0.0928927 0.243748 0.0598705 0.0800852 0.0436915 0.00893075 0.00836059 0.00568695
 0.187697 0.0599479 0.413863 0.0594516 0.15102 0.0370943 0.0496188 0.0270702 0.00553327 0.00870351
 0.0748062 0.235239 0.0807866 0.339711 0.0473268 0.12022 0.0295291 0.0394993 0.0215494 0.0113333
obs.FIC.2.sp.1
 1.845 0.391 4.058 0.964 0.336 0.165 0.343 0.05 0.03 0.014
 1.625 1.677 0.162 1.687 0.321 0.184 0.031 0.113 0.01 0.025
 0.82 0.564 0.774 0.053 0.265 0.057 0.067 0.027 0 0
 3.525 2.25 1.559 0.589 0.054 0.579 0.057 0.064 0.018 0.083
 0.577 1.91 0.242 0.068 0.115 0 0.031 0.033 0 0
 0.85 1.089 0.74 0.069 0.033 0.004 0.01 0.015 0 0.044
 1.909 0.682 0.929 0.825 0.024 0.059 0.039 0 0.039 0.044
 0.181 0.843 0.067 0.106 0.077 0.028 0 0 0 0.003
 2.279 0.129 0.329 0.008 0.049 0.073 0.016 0 0.007 0.022
 0.414 1.353 0.108 0.2 0.028 0.012 0 0 0 0.007
 0.875 0.437 0.904 0.06 0.194 0 0.011 0.039 0 0
 2.798 1.046 0.161 0.507 0.055 0.015 0.007 0 0 0
 0.364 1.624 1.814 0.412 0.286 0.069 0.022 0.011 0 0.022
 0.408 0.175 0.274 0.031 0.029 0 0 0 0 0
 0.412 0.949 0.174 0.1 0.044 0.01 0 0 0 0
 0.97 0.532 0.383 0.017 0.025 0.022 0 0 0.022 0
 0.406 0.664 0.433 0.153 0.068 0.021 0 0.006 0 0
 0.245 1.811 1.249 0.087 0.054 0.011 0 0 0 0
 0.24 0.196 0.414 0.143 0.06 0.027 0 0 0 0
 0.236 0.321 0.109 0.129 0.049 0.009 0.007 0 0 0
 0.336 1.026 0.352 0.041 0.035 0.004 0 0.004 0 0
 0.14 0.154 0.31 0.255 0.087 0 0 0 0 0
 0.571 0.538 0.071 0.079 0.031 0 0 0 0 0
 0.047 0.381 0.459 0.059 0.055 0.008 0.008 0 0 0
 0.478 0.707 1.396 1.627 0.118 0.131 0.012 0 0 0
 0.166 0.309 0.201 0.156 0.082 0 0.007 0 0 0
 0.745 0.136 0.71 0.252 0.322 0.252 0.065 0.02 0 0
 0.055 0.579 0.129 0.176 0.026 0 0.007 0 0 0
 0.433 0.162 0.514 0.034 0.125 0.015 0.038 0.01 0.01 0
 0.115 0.207 0.05 0.13 0.006 0.007 0 0 0 0
obs.sprop.2.sp.1
 0.22511 0.0477062 0.49512 0.117618 0.0409956 0.0201318 0.0418497 0.00610054 0.00366032 0.00170815
 0.278492 0.287404 0.0277635 0.289117 0.0550129 0.0315338 0.00531277 0.0193659 0.0017138 0.00428449
 0.312143 0.214694 0.294633 0.0201751 0.100876 0.0216978 0.0255044 0.0102779 0 0
 0.401572 0.256323 0.177603 0.0670996 0.00615174 0.0659604 0.00649351 0.00729095 0.00205058 0.00945546
 0.193884 0.641801 0.0813172 0.0228495 0.0386425 0 0.0104167 0.0110887 0 0
 0.297828 0.38157 0.259285 0.0241766 0.0115627 0.00140154 0.00350385 0.00525578 0 0.015417
 0.41956 0.14989 0.204176 0.181319 0.00527473 0.012967 0.00857143 0 0.00857143 0.00967033
 0.138697 0.645977 0.051341 0.0812261 0.0590038 0.0214559 0 0 0 0.00229885
 0.782624 0.0442995 0.112981 0.00274725 0.0168269 0.0250687 0.00549451 0 0.00240385 0.00755495
 0.195099 0.637606 0.0508954 0.0942507 0.0131951 0.00565504 0 0 0 0.00329877
 0.347222 0.173413 0.35873 0.0238095 0.0769841 0 0.00436508 0.0154762 0 0
 0.609719 0.227936 0.0350839 0.110482 0.0119852 0.00326869 0.00152539 0 0 0
 0.0787197 0.351211 0.392301 0.0891003 0.0618512 0.0149221 0.00475779 0.00237889 0 0.00475779
 0.444929 0.19084 0.2988 0.0338059 0.0316249 0 0 0 0 0
 0.243931 0.561871 0.10302 0.0592066 0.0260509 0.00592066 0 0 0 0
 0.492136 0.269914 0.194318 0.00862506 0.0126839 0.0111618 0 0 0.0111618 0
 0.231868 0.379212 0.247287 0.0873786 0.038835 0.0119931 0 0.00342661 0 0
 0.0708707 0.523865 0.361296 0.0251663 0.0156205 0.00318195 0 0 0 0
 0.222222 0.181481 0.383333 0.132407 0.0555556 0.025 0 0 0 0
 0.274419 0.373256 0.126744 0.15 0.0569767 0.0104651 0.00813953 0 0 0
 0.186874 0.570634 0.195773 0.0228031 0.0194661 0.00222469 0 0.00222469 0 0
 0.147992 0.162791 0.327696 0.269556 0.0919662 0 0 0 0 0
 0.442636 0.417054 0.0550388 0.0612403 0.024031 0 0 0 0 0
 0.0462144 0.374631 0.451327 0.0580138 0.0540806 0.00786627 0.00786627 0 0 0
 0.106959 0.158201 0.312374 0.364064 0.0264041 0.029313 0.00268516 0 0 0
 0.180239 0.335505 0.218241 0.169381 0.0890337 0 0.00760043 0 0 0
 0.297762 0.0543565 0.283773 0.100719 0.128697 0.100719 0.0259792 0.00799361 0 0
 0.0565844 0.595679 0.132716 0.18107 0.026749 0 0.00720165 0 0 0
 0.322893 0.120805 0.383296 0.0253542 0.093214 0.0111857 0.0283371 0.00745712 0.00745712 0
 0.223301 0.401942 0.0970874 0.252427 0.0116505 0.0135922 0 0 0 0
pred.sprop.2.sp.1
 0.283473 0.0515619 0.466098 0.113263 0.0460016 0.013601 0.021396 0.00185109 0.00202957 0.000724841
 0.244331 0.295585 0.0528496 0.286683 0.0686586 0.0278857 0.00824478 0.01297 0.00112211 0.00166969
 0.230954 0.248168 0.275064 0.0285964 0.152916 0.0366224 0.0148742 0.00439775 0.00691819 0.00148914
 0.495667 0.161411 0.156681 0.0993108 0.0101129 0.0540775 0.0129512 0.00526011 0.00155522 0.00297318
 0.231624 0.497921 0.127222 0.0661985 0.041078 0.004183 0.0223681 0.00535701 0.00217575 0.00187309
 0.183355 0.256665 0.436989 0.0588955 0.029623 0.0183819 0.00187184 0.0100095 0.00239719 0.0018118
 0.454414 0.154464 0.179954 0.165919 0.0216674 0.0108982 0.00676262 0.000688641 0.00368244 0.00154847
 0.148895 0.558479 0.130262 0.0758074 0.0680097 0.00888139 0.00446712 0.00277197 0.000282271 0.00214413
 0.657186 0.0720364 0.214094 0.0258692 0.0143873 0.0129074 0.00168558 0.000847805 0.000526087 0.000460501
 0.234536 0.604397 0.0536442 0.0854656 0.0100204 0.00557293 0.00499969 0.00065291 0.000328397 0.000382155
 0.419576 0.175135 0.356012 0.0167424 0.0258854 0.00303493 0.0016879 0.00151428 0.00019775 0.000215208
 0.400918 0.334528 0.117442 0.129728 0.00590635 0.0091318 0.00107066 0.000595455 0.000534205 0.000145683
 0.174069 0.429216 0.280538 0.0523289 0.0563034 0.00256342 0.0039633 0.000464677 0.000258434 0.000295079
 0.392932 0.172763 0.298114 0.0972451 0.017542 0.0188743 0.000859323 0.0013286 0.000155772 0.000185551
 0.323493 0.392417 0.1265 0.109613 0.034257 0.0061796 0.00664895 0.000302718 0.000468032 0.00012024
 0.453668 0.254703 0.215802 0.0344677 0.0287681 0.0089908 0.00162184 0.00174503 7.94488e-05 0.000154393
 0.314675 0.406949 0.175978 0.0766023 0.0117256 0.00978663 0.00305858 0.000551735 0.00059364 7.95505e-05
 0.15406 0.314813 0.383186 0.0946535 0.0398632 0.00610189 0.00509288 0.00159166 0.000287118 0.000350323
 0.243365 0.153756 0.302109 0.217958 0.0529839 0.0223141 0.00341564 0.00285083 0.000890959 0.000356819
 0.360856 0.223413 0.128097 0.145297 0.103147 0.0250742 0.01056 0.00161642 0.00134913 0.000590501
 0.204349 0.360267 0.210489 0.0703243 0.0780805 0.0554298 0.0134746 0.0056748 0.000868645 0.00104233
 0.415753 0.1561 0.252734 0.0855578 0.0280977 0.0311966 0.0221466 0.00538369 0.00226733 0.000763521
 0.333051 0.344898 0.123942 0.117907 0.0391183 0.0128467 0.0142636 0.0101258 0.0024615 0.00138575
 0.141739 0.348683 0.331604 0.0691714 0.0647554 0.021484 0.00705547 0.00783363 0.00556113 0.00211293
 0.305152 0.131407 0.305052 0.169333 0.0346124 0.0324027 0.0107503 0.00353046 0.00391984 0.00384
 0.09431 0.374204 0.152074 0.207048 0.112958 0.0230891 0.021615 0.00717125 0.00235508 0.00517639
 0.355947 0.0749388 0.306657 0.076048 0.101725 0.0554974 0.0113439 0.0106197 0.00352332 0.0037003
 0.0666018 0.409613 0.0913825 0.234022 0.0574815 0.0768897 0.0419482 0.00857439 0.00802699 0.00546003
 0.201335 0.0623583 0.409219 0.0574487 0.145932 0.0358446 0.0479472 0.0261582 0.00534686 0.00841029
 0.0831355 0.250569 0.0802299 0.326827 0.0455318 0.115661 0.0284092 0.0380013 0.0207321 0.0109034
TCwt
 150
TSwt
 0 75
CPwt
 50
SPwt
 0 50
nBpen
 0
lBpen
 0
Bthres
 1e-05
Bwt
 1e+15
Ywt
 1e-12
Rwt
 0
Rthres
 1
TCres
 27.2422
CPmulti
 2390.74
CPideal
 2294.08
TSresA
 0 464.119
TSresB
 0 463.612
SPmulti
 0 2168.22
SPideal
 0 2019.09
tYpen
 5.29977e-10
tRpen
 0
Devs
 5.44868e-16
ofvsp
 5050.31
ofvsp_ideal
 737.148
