mgc
5.98966e-06
ofv
4552.94
ofv_ideal
988.952
nsp
1
nf
284
nFIC
2
yrs
 1978 1979 1980 1981 1982 1983 1984 1985 1986 1987 1988 1989 1990 1991 1992 1993 1994 1995 1996 1997 1998 1999 2000 2001 2002 2003 2004 2005 2006 2007
nyr
 30
nage
 6
FICnseg
 1
M1nseg
1
M1yr
 1978
agePR
 1
ageFR
 3
ficFR
 2
FICfage
 1 1
FIClage
 6 6
FICs.lage
 1
Ft
 1.16289 0.993618 0.885966 0.990535 1.0492 1.01305 1.42383 1.59831 1.50906 0.966727 0.810023 0.892882 0.969336 1.01856 1.06848 1.41215 1.36506 1.35993 1.54033 1.76446 2.05776 2.18526 1.7955 1.8623 1.03478 0.930369 0.833501 0.59461 0.296012 0.235909
nFt
 30
nsel
 2
FICnsel
 1
obs.sumC
 22.8358 14.2086 14.719 19.8393 16.8758 14.3403 20.1028 16.8758 15.6904 14.2415 13.9452 16.4642 16.6618 14.1921 13.9122 15.8385 14.4885 11.1956 15.2458 14.3568 14.5873 14.5379 14.6801 14.6801 14.6801 14.6801 14.6801 14.6801 14.6801 14.6801
obs.totc
 5.80033 2.87629 2.45316 2.6425 2.84007 2.50914 3.1496 3.1924 3.03929 2.56347 2.62604 2.97672 3.29119 2.72482 2.66391 2.84995 2.64415 2.41859 2.66391 2.56183 2.44822 2.30828 2.03497 2.12553 1.30726 1.4225 1.39781 1.23317 0.910469 1.04712
pred.totc
 5.71389 2.59202 2.02457 2.23434 2.81187 2.93423 3.16401 2.91973 2.91701 2.70212 2.77275 3.00589 3.36542 2.86832 2.58003 2.83057 2.57792 2.32794 2.33656 2.31616 2.20648 2.09772 1.87677 2.21007 1.54474 1.8215 1.77211 1.41102 0.925556 1.09131
resid.totc
 0.0150123 0.104026 0.191936 0.167713 0.00997742 -0.156445 -0.00456491 0.0892554 0.0410496 -0.0526535 -0.0543451 -0.00974603 -0.0222973 -0.0513044 0.031979 0.00682235 0.0253571 0.038186 0.131062 0.100767 0.103918 0.0956072 0.0808902 -0.0389862 -0.166806 -0.247088 -0.237115 -0.134622 -0.0164167 -0.041297
Age1
 2.64179 2.63115 3.20621 2.65933 2.72516 2.46374 3.19668 3.45127 2.87516 2.85642 3.13154 2.59019 2.69544 3.1627 3.24696 2.48063 2.8911 2.94585 2.88414 3.05078 3.09686 3.11074 3.0232 2.58412 2.39708 2.12543 2.5447 2.45574 2.26531
Yr1
 2.38423 1.86022 1.8729 2.20478 1.90752 0.530935
FICmonth.1
 10 10
sel.1
 0.0678389 0.471977 1 1 1 1
FICsel.1
 0.275439 1 1 1 1 1
FIC.q.1
 1.03117
 1.03117
FIC.yr.1
 0
M1.1
 0.1 0.1 0.1 0.1 0.1 0.1
obs.CAA.1
 0.806745 5.76246 4.52765 6.3881 4.28069 1.07017
 1.44885 4.19837 3.22698 1.54763 2.00863 1.77813
 0.773817 4.80754 5.18622 1.89338 0.806745 1.25128
 3.70444 5.3344 5.89418 3.3093 0.921994 0.675032
 3.01295 6.88203 2.48609 2.02509 1.69581 0.773817
 1.81106 6.10821 3.40809 1.28421 0.987851 0.740888
 1.67935 11.031 5.40025 1.43238 0.312819 0.246963
 2.96355 5.41672 6.09175 1.89338 0.312819 0.19757
 2.37084 6.94789 4.34654 1.49824 0.345748 0.181106
 1.00432 6.30578 4.75815 1.23481 0.889066 0.0493926
 0.675032 4.6429 6.60214 1.69581 0.296355 0.0329284
 0.987851 5.26854 8.06745 1.9757 0.164642 0
 0.691496 6.3881 6.47042 2.63427 0.444533 0.0329284
 0.428069 4.05019 5.92711 3.24344 0.460997 0.0823209
 0.576246 4.92279 6.19053 2.10742 0.115249 0
 1.43238 6.07528 5.21915 2.71659 0.378676 0.0164642
 0.329284 6.09175 6.22346 1.77813 0.0658567 0
 0.90553 3.75383 4.37947 1.95924 0.164642 0.0329284
 0.576246 5.69661 6.89849 1.95924 0.115249 0
 1.11956 6.207 5.9765 1.00432 0.0493926 0
 1.31713 6.8491 5.36732 0.971387 0.0658567 0.0164642
 2.09095 7.0796 4.44533 0.823209 0.0658567 0.0329284
 0.96448 5.76104 5.78938 1.95098 0.191868 0.0223137
 0.96448 5.76104 5.78938 1.95098 0.191868 0.0223137
 0.96448 5.76104 5.78938 1.95098 0.191868 0.0223137
 0.96448 5.76104 5.78938 1.95098 0.191868 0.0223137
 0.96448 5.76104 5.78938 1.95098 0.191868 0.0223137
 0.96448 5.76104 5.78938 1.95098 0.191868 0.0223137
 0.96448 5.76104 5.78938 1.95098 0.191868 0.0223137
 0.96448 5.76104 5.78938 1.95098 0.191868 0.0223137
obs.cprop.1
 0.035328 0.252343 0.19827 0.27974 0.187455 0.0468637
 0.10197 0.295481 0.227115 0.108922 0.141367 0.125145
 0.0525727 0.326622 0.352349 0.128635 0.0548098 0.0850112
 0.186722 0.26888 0.297095 0.166805 0.046473 0.0340249
 0.178537 0.407805 0.147317 0.12 0.100488 0.0458537
 0.126292 0.425947 0.237658 0.0895522 0.0688863 0.0516648
 0.0835381 0.548731 0.268632 0.0712531 0.015561 0.012285
 0.17561 0.320976 0.360976 0.112195 0.0185366 0.0117073
 0.151102 0.442812 0.27702 0.0954879 0.0220357 0.0115425
 0.0705202 0.442775 0.334104 0.0867052 0.0624277 0.00346821
 0.0484061 0.33294 0.473436 0.121606 0.0212515 0.00236128
 0.06 0.32 0.49 0.12 0.01 0
 0.041502 0.383399 0.38834 0.158103 0.0266798 0.00197628
 0.0301624 0.285383 0.417633 0.228538 0.0324826 0.00580046
 0.0414201 0.353846 0.44497 0.151479 0.00828402 0
 0.0904366 0.383576 0.329522 0.171518 0.0239085 0.0010395
 0.0227273 0.420455 0.429545 0.122727 0.00454545 0
 0.0808824 0.335294 0.391176 0.175 0.0147059 0.00294118
 0.037797 0.37365 0.452484 0.12851 0.0075594 0
 0.0779817 0.432339 0.416284 0.0699541 0.00344037 0
 0.0902935 0.469526 0.367946 0.0665914 0.00451467 0.00112867
 0.143828 0.486976 0.305776 0.0566251 0.00453001 0.00226501
 0.0657 0.39244 0.39437 0.1329 0.01307 0.00152
 0.0657 0.39244 0.39437 0.1329 0.01307 0.00152
 0.0657 0.39244 0.39437 0.1329 0.01307 0.00152
 0.0657 0.39244 0.39437 0.1329 0.01307 0.00152
 0.0657 0.39244 0.39437 0.1329 0.01307 0.00152
 0.0657 0.39244 0.39437 0.1329 0.01307 0.00152
 0.0657 0.39244 0.39437 0.1329 0.01307 0.00152
 0.0657 0.39244 0.39437 0.1329 0.01307 0.00152
pred.cprop.1
 0.0407481 0.134877 0.223399 0.311326 0.231268 0.0583813
 0.0850177 0.316622 0.197973 0.108502 0.151207 0.140679
 0.0815836 0.409823 0.306022 0.0670226 0.0367328 0.0988166
 0.127979 0.353739 0.35736 0.0968267 0.0212063 0.0428885
 0.0620478 0.517427 0.277809 0.0984048 0.0266628 0.0176495
 0.0672842 0.304815 0.490755 0.0906012 0.0320926 0.0144515
 0.0662994 0.388411 0.317601 0.177957 0.0328537 0.0168777
 0.173281 0.354472 0.331604 0.081917 0.0458994 0.0128269
 0.173482 0.574532 0.182876 0.0485279 0.011988 0.00859419
 0.0669795 0.563569 0.327379 0.0305337 0.00810244 0.00343649
 0.0585885 0.301413 0.519618 0.106672 0.009949 0.0037598
 0.0823308 0.314277 0.337176 0.216143 0.0443717 0.00570238
 0.0487327 0.412742 0.317696 0.1234 0.079104 0.0183261
 0.062501 0.273409 0.454639 0.123563 0.0479944 0.037894
 0.115271 0.346798 0.291756 0.168532 0.0458043 0.0318385
 0.117067 0.484546 0.260396 0.0748418 0.0432323 0.0199171
 0.0532949 0.50865 0.350605 0.0571593 0.0164285 0.0138619
 0.100331 0.296392 0.476651 0.101348 0.0165227 0.00875586
 0.120382 0.492157 0.237852 0.118207 0.0251336 0.00626894
 0.115081 0.502743 0.311196 0.0435724 0.0216544 0.00575266
 0.150998 0.492692 0.296244 0.0489106 0.00684826 0.00430755
 0.160241 0.566476 0.233093 0.0334154 0.00551697 0.00125834
 0.146811 0.566271 0.258625 0.0241324 0.00345953 0.000701455
 0.125033 0.542006 0.293726 0.0353662 0.00330003 0.000569003
 0.0728266 0.515277 0.355723 0.0495537 0.00596654 0.000652734
 0.0572548 0.33938 0.472786 0.112771 0.0157095 0.00209844
 0.048094 0.318033 0.387493 0.193059 0.0460495 0.00727176
 0.0750055 0.261545 0.382267 0.17189 0.08564 0.023653
 0.0551379 0.343857 0.299144 0.173927 0.0782078 0.0497269
 0.0342145 0.243819 0.410261 0.155148 0.0902055 0.0663522
Wt.1
 0.099 0.193 0.272 0.325 0.331 0.488
 0.083 0.177 0.238 0.283 0.389 0.378
 0.101 0.17 0.194 0.253 0.312 0.49
 0.072 0.145 0.213 0.247 0.262 0.492
 0.11 0.158 0.208 0.252 0.296 0.432
 0.117 0.17 0.215 0.265 0.292 0.416
 0.068 0.15 0.201 0.326 0.366 0.413
 0.12 0.158 0.23 0.344 0.497 0.573
 0.092 0.16 0.217 0.313 0.465 0.557
 0.117 0.14 0.212 0.237 0.485 0.467
 0.068 0.151 0.178 0.316 0.482 0.777
 0.098 0.152 0.193 0.243 0.364 0.606
 0.112 0.154 0.209 0.263 0.344 0.432
 0.089 0.151 0.187 0.224 0.315 0.415
 0.067 0.152 0.195 0.25 0.303 0.492
 0.037 0.095 0.158 0.263 0.49 0.791
 0.032 0.087 0.158 0.249 0.568 0.836
 0.037 0.076 0.162 0.318 0.692 0.842
 0.041 0.1 0.154 0.349 0.761 0.841
 0.04 0.104 0.166 0.298 0.546 0.922
 0.047 0.084 0.194 0.299 0.471 0.745
 0.03 0.087 0.197 0.341 0.566 0.942
 0.039 0.0902 0.1746 0.321 0.6072 0.8584
 0.039 0.0902 0.1746 0.321 0.6072 0.8584
 0.039 0.0902 0.1746 0.321 0.6072 0.8584
 0.039 0.0902 0.1746 0.321 0.6072 0.8584
 0.039 0.0902 0.1746 0.321 0.6072 0.8584
 0.039 0.0902 0.1746 0.321 0.6072 0.8584
 0.039 0.0902 0.1746 0.321 0.6072 0.8584
 0.039 0.0902 0.1746 0.321 0.6072 0.8584
N.1
 10.8507 6.42518 6.50714 9.06828 6.73635 1.70052
 14.0383 9.07332 3.35807 1.84044 2.56482 2.38624
 13.8897 11.8744 5.13651 1.12496 0.616553 1.65862
 24.6853 11.8348 7.0726 1.91632 0.419699 0.848817
 14.2867 20.8846 6.70958 2.37665 0.643954 0.426267
 15.2589 12.039 11.5169 2.1262 0.753138 0.339143
 11.7487 12.8898 6.7532 3.78393 0.698573 0.358874
 24.4512 9.65183 5.95615 1.47136 0.824428 0.230393
 31.5403 19.8509 4.10737 1.08993 0.269248 0.193025
 17.7282 25.7618 8.81108 0.821787 0.218069 0.0924897
 17.3991 15.0229 14.7703 3.03219 0.282804 0.106874
 22.9092 14.9016 9.27444 5.94528 1.2205 0.156851
 13.3323 19.5108 8.84673 3.43625 2.20277 0.510319
 14.812 11.2958 11.1726 3.03652 1.17945 0.93123
 23.6344 12.5077 6.31984 3.65065 0.992186 0.689666
 25.7121 19.89 6.83493 1.96446 1.13477 0.522788
 11.9488 21.1399 9.24163 1.50667 0.433039 0.365386
 18.013 9.85545 10.0431 2.1354 0.348136 0.184487
 19.0268 14.8625 4.69345 2.33252 0.495951 0.123702
 17.8882 15.508 6.50026 0.910139 0.452316 0.120161
 21.1319 14.36 6.10172 1.00741 0.141053 0.0887225
 22.1284 16.6296 4.91961 0.705258 0.11644 0.0265583
 22.4377 17.2639 5.36446 0.500559 0.0717584 0.0145497
 20.557 17.9742 6.69381 0.805971 0.0752054 0.0129672
 13.2516 16.3932 6.75292 0.940709 0.113267 0.0123913
 10.991 11.1777 9.10179 2.17101 0.30243 0.040398
 8.37653 9.33678 6.51955 3.24821 0.77478 0.122347
 12.7394 7.16272 5.70058 2.56332 1.27711 0.352727
 11.6551 11.0713 4.89516 2.84612 1.27979 0.813728
 9.63409 10.3363 8.71153 3.29444 1.91544 1.40893
iM2.1
 0 0 0 0 0 0
M2.1
 0 0 0 0 0 0
 0 0 0 0 0 0
 0 0 0 0 0 0
 0 0 0 0 0 0
 0 0 0 0 0 0
 0 0 0 0 0 0
 0 0 0 0 0 0
 0 0 0 0 0 0
 0 0 0 0 0 0
 0 0 0 0 0 0
 0 0 0 0 0 0
 0 0 0 0 0 0
 0 0 0 0 0 0
 0 0 0 0 0 0
 0 0 0 0 0 0
 0 0 0 0 0 0
 0 0 0 0 0 0
 0 0 0 0 0 0
 0 0 0 0 0 0
 0 0 0 0 0 0
 0 0 0 0 0 0
 0 0 0 0 0 0
 0 0 0 0 0 0
 0 0 0 0 0 0
 0 0 0 0 0 0
 0 0 0 0 0 0
 0 0 0 0 0 0
 0 0 0 0 0 0
 0 0 0 0 0 0
 0 0 0 0 0 0
obs.totFIC.1
 10.0416 6.559 10.7081 22.5854 44.7053 12.9668 9.7158 11.6459 26.6208 27.6513 21.6164 25.287 27.0878 13.4102 19.7027 18.5229 16.6559 8.6258 11.8451 10.4702 9.9855 9.6121 16.5702 29.3935 37.5605 31.3921 18.8835 8.86776 37.0647 13.4957
 10.0416 6.559 10.7081 22.5854 44.7053 12.9668 9.7158 11.6459 26.6208 27.6513 21.6164 25.287 27.0878 13.4102 19.7027 18.5229 16.6559 8.6258 11.8451 10.4702 9.9855 9.6121 16.5702 29.3935 37.5605 31.3921 18.8835 8.86776 37.0647 13.4957
pred.totFIC.1
 15.1571 13.4986 15.2738 17.9672 20.6521 17.4434 13.1759 12.8452 19.4976 25.3116 23.4947 23.1247 22.2839 17.4587 18.1467 20.0899 18.1264 13.7183 14.2603 13.3216 12.2334 12.6758 14.6451 14.5576 16.7505 15.1551 13.522 14.3161 19.6351 23.3699
 15.1571 13.4986 15.2738 17.9672 20.6521 17.4434 13.1759 12.8452 19.4976 25.3116 23.4947 23.1247 22.2839 17.4587 18.1467 20.0899 18.1264 13.7183 14.2603 13.3216 12.2334 12.6758 14.6451 14.5576 16.7505 15.1551 13.522 14.3161 19.6351 23.3699
toteps.1
 -0.411732 -0.721749 -0.355138 0.228757 0.772274 -0.296567 -0.304637 -0.0980192 0.311403 0.0884087 -0.0833224 0.0893898 0.195221 -0.263825 0.082265 -0.0812109 -0.0846062 -0.463971 -0.185565 -0.240852 -0.20304 -0.276669 0.123501 0.702662 0.807526 0.728217 0.333972 -0.478959 0.635347 -0.549082
 -0.411732 -0.721749 -0.355138 0.228757 0.772274 -0.296567 -0.304637 -0.0980192 0.311403 0.0884087 -0.0833224 0.0893898 0.195221 -0.263825 0.082265 -0.0812109 -0.0846062 -0.463971 -0.185565 -0.240852 -0.20304 -0.276669 0.123501 0.702662 0.807526 0.728217 0.333972 -0.478959 0.635347 -0.549082
resid.totFIC.1
 -0.411698 -0.72167 -0.35511 0.228745 0.772248 -0.296548 -0.30461 -0.0980112 0.311389 0.0884054 -0.0833187 0.0893861 0.195213 -0.263807 0.0822606 -0.0812067 -0.0846013 -0.463927 -0.18555 -0.240832 -0.203021 -0.276643 0.123493 0.702628 0.807493 0.728183 0.333951 -0.478917 0.635323 -0.549051
 -0.411698 -0.72167 -0.35511 0.228745 0.772248 -0.296548 -0.30461 -0.0980112 0.311389 0.0884054 -0.0833187 0.0893861 0.195213 -0.263807 0.0822606 -0.0812067 -0.0846013 -0.463927 -0.18555 -0.240832 -0.203021 -0.276643 0.123493 0.702628 0.807493 0.728183 0.333951 -0.478917 0.635323 -0.549051
Age1CV.1
0.11483
obs.FIC.1.sp.1
 1.1247 1.8601 2.2307 2.4096 1.9629 0.4536
 2.126 1.9708 0.9561 0.5125 0.4611 0.5325
 0.5632 2.245 5.487 1.0024 0.4289 0.9816
 2.7219 2.7043 7.5417 6.717 1.4491 1.4514
 14.1824 12.7095 5.6872 4.8918 5.7318 1.5026
 4.8568 6.0995 1.0756 0.2591 0.4922 0.1836
 2.6932 4.9661 1.7093 0.2657 0.0466 0.0349
 5.6041 2.3927 2.9106 0.6123 0.1141 0.0121
 17.1208 7.0358 1.4287 0.7831 0.2524 0
 0.2877 21.6417 3.7105 1.0982 0.9132 0
 2.1768 11.9618 6.9498 0.4003 0.1277 0
 7.0176 10.1253 7.4453 0.6109 0.0879 0
 1.4141 16.8598 5.4007 2.6095 0.8037 0
 1.0295 7.1989 4.3319 0.7582 0.0917 0
 6.0811 10.0878 3.3429 0.1909 0 0
 7.831 10.1067 0.5447 0.0241 0.0164 0
 1.2286 14.4493 0.9223 0.0557 0 0
 2.6279 4.4728 1.3852 0.1179 0.022 0
 1.0783 8.0374 2.3259 0.4035 0 0
 1.5842 7.3774 1.4137 0.088 0 0.0069
 3.9291 5.0759 0.6127 0.3678 0 0
 3.7527 5.3229 0.4834 0.0531 0 0
 3.1499 11.1674 1.9997 0.2532 0 0
 8.2264 19.5517 1.2524 0.3389 0.0241 0
 10.9872 26.1869 0.3493 0.0371 0 0
 19.6945 9.1866 2.4945 0.0165 0 0
 9.1463 7.2892 2.223 0.225 0 0
 2.75277 4.91749 1.03774 0.144136 0.0154211 0.000205615
 11.5058 20.5537 4.33745 0.602448 0.0644559 0.000859412
 4.18939 7.48382 1.57931 0.219358 0.0234691 0.000312921
obs.sprop.1.sp.1
 0.112004 0.185239 0.222146 0.239962 0.195477 0.0451721
 0.324135 0.300473 0.145769 0.0781369 0.0703004 0.0811862
 0.0525957 0.209654 0.512416 0.0936114 0.0400538 0.0916689
 0.120516 0.119737 0.333919 0.297405 0.0641609 0.0642628
 0.317242 0.284295 0.127215 0.109423 0.128213 0.0336112
 0.374557 0.470394 0.0829503 0.0199818 0.0379585 0.0141592
 0.277198 0.511136 0.17593 0.0273472 0.00479631 0.00359209
 0.481208 0.205454 0.249925 0.0525764 0.00979744 0.00103899
 0.643136 0.264297 0.0536686 0.0294168 0.00948131 0
 0.0104046 0.782665 0.134189 0.039716 0.0330256 0
 0.100701 0.553367 0.321506 0.0185183 0.00590755 0
 0.277518 0.400415 0.294432 0.0241587 0.00347609 0
 0.0522043 0.622413 0.199378 0.0963349 0.0296702 0
 0.0767699 0.536823 0.32303 0.0565391 0.00683808 0
 0.308643 0.512001 0.169667 0.00968903 0 0
 0.422774 0.545633 0.0294068 0.00130109 0.000885391 0
 0.0737637 0.867518 0.0553738 0.00334416 0 0
 0.304656 0.518537 0.160588 0.0136683 0.00255049 0
 0.0910334 0.678542 0.19636 0.0340647 0 0
 0.151306 0.704609 0.135021 0.00840481 0 0.000659013
 0.393481 0.508327 0.061359 0.0368334 0 0
 0.390414 0.553771 0.0502908 0.00552429 0 0
 0.190094 0.673945 0.12068 0.0152804 0 0
 0.279871 0.665171 0.0426081 0.0115298 0.000819909 0
 0.29252 0.697193 0.00929966 0.00098774 0 0
 0.627371 0.292641 0.0794627 0.00052561 0 0
 0.484354 0.386009 0.117722 0.0119152 0 0
 0.310425 0.554535 0.117024 0.0162539 0.00173901 2.31868e-05
 0.310425 0.554535 0.117024 0.0162539 0.00173901 2.31868e-05
 0.310425 0.554535 0.117024 0.0162539 0.00173901 2.31868e-05
pred.sprop.1.sp.1
 0.175168 0.254548 0.154542 0.215369 0.159986 0.0403869
 0.256918 0.431412 0.103119 0.0565158 0.0787598 0.0732759
 0.226026 0.520556 0.152482 0.0333955 0.0183029 0.0492375
 0.339472 0.423275 0.163588 0.0443241 0.00970755 0.019633
 0.170362 0.635013 0.128574 0.045543 0.0123399 0.00816843
 0.215866 0.439598 0.269282 0.0497138 0.0176095 0.00792967
 0.214988 0.530146 0.148446 0.0831765 0.0153557 0.00788859
 0.454444 0.380183 0.116122 0.0286859 0.0160732 0.00449177
 0.38815 0.533544 0.0568298 0.0150804 0.00372533 0.0026707
 0.17329 0.660183 0.147563 0.0137628 0.0036521 0.00154897
 0.184856 0.441122 0.30367 0.0623401 0.0058143 0.00219727
 0.246137 0.430307 0.180803 0.115902 0.0237934 0.00305778
 0.148006 0.567344 0.167926 0.0652257 0.0418122 0.0096867
 0.209295 0.411205 0.259807 0.0706113 0.0274269 0.0216549
 0.320389 0.429542 0.135629 0.078346 0.0212931 0.0148008
 0.308782 0.538991 0.0994996 0.0285977 0.0165194 0.00761049
 0.159463 0.646782 0.155075 0.025282 0.00726643 0.00613121
 0.317734 0.399227 0.22363 0.0475492 0.00775196 0.00410798
 0.319583 0.539501 0.0865047 0.0429906 0.00914085 0.00227995
 0.317582 0.551752 0.106398 0.0148974 0.00740365 0.00196684
 0.40182 0.495734 0.0851752 0.0140627 0.00196899 0.0012385
 0.403171 0.526956 0.0595969 0.00854361 0.00141057 0.000321731
 0.361717 0.551936 0.0778321 0.00726253 0.00104113 0.0002111
 0.332133 0.563109 0.0924129 0.011127 0.00103827 0.000179021
 0.194984 0.618044 0.161474 0.022494 0.0027084 0.000296297
 0.179804 0.4853 0.262419 0.0625935 0.00871952 0.00116473
 0.154427 0.471978 0.228382 0.113786 0.0271408 0.00428585
 0.224848 0.375686 0.230164 0.103495 0.0515641 0.0142416
 0.152538 0.476148 0.184817 0.107456 0.0483184 0.0307224
 0.106298 0.382427 0.290534 0.109871 0.0638808 0.0469886
obs.FIC.2.sp.1
 1.1247 1.8601 2.2307 2.4096 1.9629 0.4536
 2.126 1.9708 0.9561 0.5125 0.4611 0.5325
 0.5632 2.245 5.487 1.0024 0.4289 0.9816
 2.7219 2.7043 7.5417 6.717 1.4491 1.4514
 14.1824 12.7095 5.6872 4.8918 5.7318 1.5026
 4.8568 6.0995 1.0756 0.2591 0.4922 0.1836
 2.6932 4.9661 1.7093 0.2657 0.0466 0.0349
 5.6041 2.3927 2.9106 0.6123 0.1141 0.0121
 17.1208 7.0358 1.4287 0.7831 0.2524 0
 0.2877 21.6417 3.7105 1.0982 0.9132 0
 2.1768 11.9618 6.9498 0.4003 0.1277 0
 7.0176 10.1253 7.4453 0.6109 0.0879 0
 1.4141 16.8598 5.4007 2.6095 0.8037 0
 1.0295 7.1989 4.3319 0.7582 0.0917 0
 6.0811 10.0878 3.3429 0.1909 0 0
 7.831 10.1067 0.5447 0.0241 0.0164 0
 1.2286 14.4493 0.9223 0.0557 0 0
 2.6279 4.4728 1.3852 0.1179 0.022 0
 1.0783 8.0374 2.3259 0.4035 0 0
 1.5842 7.3774 1.4137 0.088 0 0.0069
 3.9291 5.0759 0.6127 0.3678 0 0
 3.7527 5.3229 0.4834 0.0531 0 0
 3.1499 11.1674 1.9997 0.2532 0 0
 8.2264 19.5517 1.2524 0.3389 0.0241 0
 10.9872 26.1869 0.3493 0.0371 0 0
 19.6945 9.1866 2.4945 0.0165 0 0
 9.1463 7.2892 2.223 0.225 0 0
 2.75277 4.91749 1.03774 0.144136 0.0154211 0.000205615
 11.5058 20.5537 4.33745 0.602448 0.0644559 0.000859412
 4.18939 7.48382 1.57931 0.219358 0.0234691 0.000312921
obs.sprop.2.sp.1
 0.112004 0.185239 0.222146 0.239962 0.195477 0.0451721
 0.324135 0.300473 0.145769 0.0781369 0.0703004 0.0811862
 0.0525957 0.209654 0.512416 0.0936114 0.0400538 0.0916689
 0.120516 0.119737 0.333919 0.297405 0.0641609 0.0642628
 0.317242 0.284295 0.127215 0.109423 0.128213 0.0336112
 0.374557 0.470394 0.0829503 0.0199818 0.0379585 0.0141592
 0.277198 0.511136 0.17593 0.0273472 0.00479631 0.00359209
 0.481208 0.205454 0.249925 0.0525764 0.00979744 0.00103899
 0.643136 0.264297 0.0536686 0.0294168 0.00948131 0
 0.0104046 0.782665 0.134189 0.039716 0.0330256 0
 0.100701 0.553367 0.321506 0.0185183 0.00590755 0
 0.277518 0.400415 0.294432 0.0241587 0.00347609 0
 0.0522043 0.622413 0.199378 0.0963349 0.0296702 0
 0.0767699 0.536823 0.32303 0.0565391 0.00683808 0
 0.308643 0.512001 0.169667 0.00968903 0 0
 0.422774 0.545633 0.0294068 0.00130109 0.000885391 0
 0.0737637 0.867518 0.0553738 0.00334416 0 0
 0.304656 0.518537 0.160588 0.0136683 0.00255049 0
 0.0910334 0.678542 0.19636 0.0340647 0 0
 0.151306 0.704609 0.135021 0.00840481 0 0.000659013
 0.393481 0.508327 0.061359 0.0368334 0 0
 0.390414 0.553771 0.0502908 0.00552429 0 0
 0.190094 0.673945 0.12068 0.0152804 0 0
 0.279871 0.665171 0.0426081 0.0115298 0.000819909 0
 0.29252 0.697193 0.00929966 0.00098774 0 0
 0.627371 0.292641 0.0794627 0.00052561 0 0
 0.484354 0.386009 0.117722 0.0119152 0 0
 0.310425 0.554535 0.117024 0.0162539 0.00173901 2.31868e-05
 0.310425 0.554535 0.117024 0.0162539 0.00173901 2.31868e-05
 0.310425 0.554535 0.117024 0.0162539 0.00173901 2.31868e-05
pred.sprop.2.sp.1
 0.175168 0.254548 0.154542 0.215369 0.159986 0.0403869
 0.256918 0.431412 0.103119 0.0565158 0.0787598 0.0732759
 0.226026 0.520556 0.152482 0.0333955 0.0183029 0.0492375
 0.339472 0.423275 0.163588 0.0443241 0.00970755 0.019633
 0.170362 0.635013 0.128574 0.045543 0.0123399 0.00816843
 0.215866 0.439598 0.269282 0.0497138 0.0176095 0.00792967
 0.214988 0.530146 0.148446 0.0831765 0.0153557 0.00788859
 0.454444 0.380183 0.116122 0.0286859 0.0160732 0.00449177
 0.38815 0.533544 0.0568298 0.0150804 0.00372533 0.0026707
 0.17329 0.660183 0.147563 0.0137628 0.0036521 0.00154897
 0.184856 0.441122 0.30367 0.0623401 0.0058143 0.00219727
 0.246137 0.430307 0.180803 0.115902 0.0237934 0.00305778
 0.148006 0.567344 0.167926 0.0652257 0.0418122 0.0096867
 0.209295 0.411205 0.259807 0.0706113 0.0274269 0.0216549
 0.320389 0.429542 0.135629 0.078346 0.0212931 0.0148008
 0.308782 0.538991 0.0994996 0.0285977 0.0165194 0.00761049
 0.159463 0.646782 0.155075 0.025282 0.00726643 0.00613121
 0.317734 0.399227 0.22363 0.0475492 0.00775196 0.00410798
 0.319583 0.539501 0.0865047 0.0429906 0.00914085 0.00227995
 0.317582 0.551752 0.106398 0.0148974 0.00740365 0.00196684
 0.40182 0.495734 0.0851752 0.0140627 0.00196899 0.0012385
 0.403171 0.526956 0.0595969 0.00854361 0.00141057 0.000321731
 0.361717 0.551936 0.0778321 0.00726253 0.00104113 0.0002111
 0.332133 0.563109 0.0924129 0.011127 0.00103827 0.000179021
 0.194984 0.618044 0.161474 0.022494 0.0027084 0.000296297
 0.179804 0.4853 0.262419 0.0625935 0.00871952 0.00116473
 0.154427 0.471978 0.228382 0.113786 0.0271408 0.00428585
 0.224848 0.375686 0.230164 0.103495 0.0515641 0.0142416
 0.152538 0.476148 0.184817 0.107456 0.0483184 0.0307224
 0.106298 0.382427 0.290534 0.109871 0.0638808 0.0469886
TCwt
 250
TSwt
 0 100
CPwt
 50
SPwt
 0 50
nBpen
 1
lBpen
 19
Bthres
 1e-05
Bwt
 1e+15
Ywt
 1e-15
Rwt
 100
Rthres
 0.7
TCres
 85.7283
CPmulti
 2089.65
CPideal
 1966.89
TSresA
 0 506.659
TSresB
 0 506.598
SPmulti
 0 1870.9
SPideal
 0 1597.1
tYpen
 1.14017e-13
tRpen
 0
Devs
 1.10066e-19
ofvsp
 4552.94
ofvsp_ideal
 988.952
