mgc
0.00773509
ofv
4557.5
ofv_ideal
2724.41
nsp
1
nf
556
nFIC
2
yrs
 1978 1979 1980 1981 1982 1983 1984 1985 1986 1987 1988 1989 1990 1991 1992 1993 1994 1995 1996 1997 1998 1999 2000 2001 2002 2003 2004 2005 2006 2007
nyr
 30
nage
 9
FICnseg
 1
M1nseg
1
M1yr
 1978
agePR
 1
ageFR
 8
ficFR
 6
FICfage
 1 1
FIClage
 9 9
FICs.lage
 1
Ft
 0.295356 0.248485 0.349283 0.3805 0.432002 0.479899 0.613394 0.633113 0.880777 0.87346 0.56273 0.392066 0.348931 0.258836 0.192163 0.135501 0.0993362 0.0740566 0.0571179 0.067979 0.0823064 0.0619017 0.0550231 0.052299 0.0404513 0.0455224 0.0496637 0.0626254 0.0605891 0.0925816
nFt
 30
nsel
 7
FICnsel
 5
obs.sumC
 1.00291 1.1198 1.22512 1.57098 1.17559 1.23205 1.36891 1.45013 1.47919 1.19425 0.965275 0.756755 0.645817 0.5466 0.449034 0.40347 0.301282 0.285929 0.255883 0.265128 0.32687 0.313168 0.372599 0.383495 0.241851 0.268265 0.265458 0.322743 0.28791 0.381349
obs.totc
 3.55133 2.91294 3.66508 3.79285 3.45179 3.22562 3.48761 3.51188 4.15538 3.39318 2.54282 1.90196 1.64046 1.4029 1.23435 0.971367 0.721921 0.710696 0.619733 0.785149 0.982923 0.818992 0.785645 0.912596 0.793734 0.95915 1.00422 1.2218 1.14883 1.53167
pred.totc
 3.55465 2.85008 3.51348 3.4057 3.21813 2.8869 3.16137 3.20314 3.89696 3.2882 2.45115 2.04743 1.78095 1.56535 1.36684 1.04925 0.75224 0.723001 0.620665 0.787264 0.992286 0.829246 0.795856 0.92815 0.799566 0.970267 1.0164 1.24974 1.1813 1.60935
resid.totc
 -0.000932963 0.0218098 0.0422313 0.107638 0.0700695 0.110905 0.0981799 0.0919906 0.0641907 0.0314166 0.0367033 -0.0736649 -0.0821212 -0.109495 -0.101882 -0.0770492 -0.0410834 -0.0171425 -0.00149952 -0.00268598 -0.00947174 -0.0124278 -0.0128972 -0.0168822 -0.00731189 -0.011512 -0.0120427 -0.0225897 -0.0278459 -0.0494432
Age1
 -0.0321068 0.374715 1.10213 1.49087 0.754162 -0.632209 2.42506 0.394946 0.521198 1.42991 1.05829 -0.708048 0.561584 0.775733 0.800937 -1.37336 1.16609 -0.0361849 1.53295 1.45921 1.28028 0.958394 0.371181 -0.00295082 1.11772 -0.996293 1.53348 -1.49663 -1.99838
Yr1
 0.840457 0.742599 0.491114 0.0874061 -0.238579 -0.679382 -0.567748 -1.12122 -0.627391
FICmonth.1
 4 10
sel.1
 0.175896 0.189751 0.39963 0.715427 0.999994 1 1 1 1
FICsel.1
 1 0.210064 0.275676 0.470322 0.719591 1 1 1 1
FIC.q.1
 0.301865
 0.276579
FIC.yr.1
 0
M1.1
 0.2 0.2 0.2 0.2 0.2 0.2 0.2 0.2 0.2
obs.CAA.1
 0 0.0150228 0.136031 0.174331 0.188363 0.13372 0.179118 0.0615771 0.114751
 0 0.0330172 0.256379 0.367317 0.216428 0.10483 0.0458939 0.0483702 0.0475613
 0 0.0320267 0.0685107 0.336776 0.361373 0.223692 0.107801 0.0359888 0.0589522
 0.0554689 0.340077 0.291707 0.119687 0.348332 0.193316 0.100372 0.053653 0.0683622
 0.0163435 0.136196 0.331658 0.151714 0.0635582 0.170204 0.11457 0.0741237 0.117228
 0.0452336 0.0163435 0.208174 0.552543 0.135371 0.0369793 0.070987 0.0468845 0.119539
 0.0247629 0.047875 0.103509 0.361208 0.596621 0.115065 0.0203056 0.0297155 0.0698479
 0.0835336 0.0870004 0.339417 0.133224 0.308381 0.34569 0.0579452 0.0161784 0.0787626
 0.0591008 0.0146927 0.162445 0.516224 0.1532 0.272392 0.199424 0.0302108 0.0714988
 0.0543133 0.0597612 0.161619 0.141314 0.447548 0.0903021 0.10516 0.0681806 0.066051
 0.156502 0.0277345 0.0719775 0.136196 0.140158 0.267109 0.0729681 0.0434176 0.0492122
 0.0283948 0.0524974 0.0640534 0.245318 0.135701 0.0761047 0.0835336 0.0316965 0.0394556
 0.0117211 0.0104004 0.119027 0.156997 0.19084 0.0625676 0.0331823 0.0241026 0.0369793
 0.0557991 0.0316965 0.0336776 0.139003 0.103674 0.109947 0.0270741 0.0130418 0.032687
 0.0442431 0.0239375 0.0166737 0.0779206 0.125796 0.0726379 0.0576151 0.013372 0.0168388
 0.0848543 0.0358237 0.0349983 0.0237724 0.0539832 0.090137 0.0450685 0.0244327 0.0104004
 0.013372 0.0247629 0.0734633 0.0338427 0.036484 0.0487004 0.040281 0.0156832 0.0146927
 0.0399508 0.0222866 0.0500211 0.0430875 0.0331823 0.0394556 0.0346681 0.0141974 0.00907974
 0.0358237 0.0156832 0.0184896 0.0500211 0.0468845 0.0475448 0.0241026 0.0125465 0.0047875
 0.00330172 0.0132069 0.00990517 0.0373095 0.0855146 0.0627327 0.0331823 0.0127116 0.00726379
 0.00891465 0.00957499 0.0165086 0.0178293 0.0686758 0.128272 0.0571198 0.0156832 0.00429224
 0.0404461 0.0343379 0.00610819 0.034503 0.0467194 0.0696663 0.0561293 0.0178293 0.00742887
 0.107471 0.0368142 0.0188198 0.0217914 0.0653741 0.0617422 0.0338427 0.0158483 0.0108957
 0.00148577 0.0713172 0.0468845 0.0435827 0.0567896 0.0836987 0.0480401 0.0203056 0.0113909
 0 0.00462241 0.0221215 0.0264138 0.0754444 0.0340077 0.0452336 0.0203056 0.0137021
 0 0.0100703 0.00346681 0.0224517 0.0630629 0.0774254 0.0416017 0.0302108 0.0199754
 0.00313664 0.00412715 0.00330172 0.00363189 0.0396207 0.0846892 0.0699965 0.0312013 0.0257534
 0.000495258 0.00181595 0.00280646 0.0102353 0.0158483 0.101198 0.112919 0.0506814 0.0267439
 0.00330172 0.00264138 0.00577801 0.00264138 0.0208008 0.0359888 0.118697 0.0665297 0.0315314
 0.000660344 0.0011556 0.00379698 0.0163435 0.0165086 0.103509 0.0683456 0.109617 0.061412
obs.cprop.1
 0 0.0149792 0.135636 0.173824 0.187816 0.133331 0.178598 0.0613982 0.114418
 0 0.029485 0.228951 0.328021 0.193274 0.093615 0.0409842 0.0431956 0.0424732
 0 0.0261417 0.0559216 0.274892 0.29497 0.182587 0.0879923 0.0293757 0.0481196
 0.0353086 0.216475 0.185685 0.0761867 0.221729 0.123055 0.0638917 0.0341526 0.0435157
 0.0139023 0.115853 0.282119 0.129053 0.0540647 0.144781 0.0974569 0.0630521 0.0997177
 0.036714 0.0132653 0.168965 0.448473 0.109874 0.0300143 0.0576168 0.0380539 0.097024
 0.0180895 0.034973 0.0756141 0.263866 0.435837 0.0840559 0.0148334 0.0217074 0.0510245
 0.0576041 0.0599948 0.234059 0.0918705 0.212657 0.238385 0.0399586 0.0111565 0.054314
 0.0399549 0.00993292 0.10982 0.348992 0.10357 0.18415 0.13482 0.0204239 0.0483365
 0.0454791 0.0500408 0.135331 0.118328 0.374753 0.0756141 0.0880552 0.0570907 0.0553075
 0.162132 0.0287322 0.0745669 0.141096 0.1452 0.276718 0.075593 0.0449796 0.0509825
 0.0375218 0.0693717 0.0846422 0.324171 0.179319 0.100567 0.110384 0.0418848 0.0521379
 0.0181493 0.0161043 0.184305 0.243098 0.295501 0.0968814 0.0513804 0.0373211 0.0572597
 0.102084 0.0579885 0.0616128 0.254304 0.189671 0.201148 0.0495319 0.0238599 0.0598007
 0.0985294 0.0533088 0.0371324 0.173529 0.280147 0.161765 0.128309 0.0297794 0.0375
 0.210311 0.0887889 0.086743 0.0589198 0.133797 0.223404 0.111702 0.0605565 0.0257774
 0.0443836 0.0821918 0.243836 0.112329 0.121096 0.161644 0.133699 0.0520548 0.0487671
 0.139723 0.0779446 0.174942 0.150693 0.116051 0.137991 0.121247 0.0496536 0.0317552
 0.14 0.0612903 0.0722581 0.195484 0.183226 0.185806 0.0941935 0.0490323 0.0187097
 0.0124533 0.0498132 0.0373599 0.140722 0.32254 0.236613 0.125156 0.0479452 0.0273973
 0.0272727 0.0292929 0.0505051 0.0545455 0.210101 0.392424 0.174747 0.0479798 0.0131313
 0.129151 0.109647 0.0195045 0.110174 0.149183 0.222457 0.17923 0.056932 0.0237217
 0.288436 0.0988037 0.0505095 0.0584847 0.175454 0.165707 0.0908285 0.0425343 0.0292424
 0.0038743 0.185966 0.122256 0.113646 0.148084 0.218252 0.125269 0.0529488 0.029703
 0 0.0191126 0.0914676 0.109215 0.311945 0.140614 0.187031 0.083959 0.0566553
 0 0.0375385 0.0129231 0.0836923 0.235077 0.288615 0.155077 0.112615 0.0744615
 0.0118159 0.0155473 0.0124378 0.0136816 0.149254 0.31903 0.263682 0.117537 0.0970149
 0.00153453 0.0056266 0.00869565 0.0317136 0.0491049 0.313555 0.349872 0.157033 0.0828645
 0.0114679 0.00917431 0.0200688 0.00917431 0.0722477 0.125 0.412271 0.231078 0.109518
 0.0017316 0.0030303 0.00995671 0.0428571 0.04329 0.271429 0.179221 0.287446 0.161039
pred.cprop.1
 0.0888006 0.0866949 0.137858 0.157756 0.153097 0.0985216 0.110157 0.0633348 0.103779
 0.0414917 0.0831189 0.154202 0.194435 0.159982 0.106169 0.0683218 0.0763908 0.115889
 0.0678083 0.0380789 0.143574 0.209256 0.188841 0.107042 0.0710358 0.0457129 0.128651
 0.15367 0.0615136 0.0647713 0.188877 0.192896 0.118016 0.066895 0.0443933 0.108967
 0.233841 0.130574 0.0974925 0.0785449 0.158632 0.10928 0.0668578 0.0378971 0.0868812
 0.122539 0.20889 0.216476 0.122136 0.067154 0.0907184 0.0624943 0.0382343 0.0713576
 0.0331525 0.107218 0.33478 0.256028 0.0962558 0.0351209 0.0474446 0.0326837 0.0573152
 0.461463 0.0171313 0.101193 0.22904 0.11371 0.0277369 0.0101203 0.0136714 0.0259337
 0.0792679 0.474218 0.031412 0.129921 0.185217 0.0594589 0.0145034 0.00529185 0.0207093
 0.0915518 0.0606948 0.647123 0.0291902 0.0726917 0.0641349 0.0205886 0.00502205 0.0090033
 0.206554 0.0628237 0.0764336 0.578656 0.0162798 0.0251236 0.022166 0.00711573 0.00484738
 0.147925 0.171155 0.0973456 0.0892661 0.455406 0.0083849 0.0129398 0.0114165 0.00616155
 0.0287255 0.138195 0.300645 0.132205 0.0846474 0.290745 0.00535315 0.00826113 0.0112223
 0.0954356 0.0222322 0.202958 0.347506 0.108721 0.0471954 0.162105 0.00298464 0.010863
 0.113721 0.077371 0.0344511 0.252474 0.315048 0.0677925 0.0294283 0.101079 0.00863459
 0.116864 0.0972143 0.127199 0.0461896 0.251362 0.217989 0.0469069 0.020362 0.0759131
 0.0140986 0.106878 0.171676 0.185333 0.050696 0.193413 0.167733 0.0360927 0.0740793
 0.149153 0.0102101 0.149876 0.200175 0.164324 0.0316856 0.120884 0.104834 0.0688584
 0.0450078 0.130519 0.0173333 0.21269 0.217413 0.12629 0.0243516 0.0929045 0.13349
 0.181685 0.0330645 0.185837 0.0206347 0.194045 0.140713 0.0817363 0.0157606 0.146525
 0.152478 0.143174 0.0504234 0.236162 0.0200216 0.133349 0.0966987 0.0561697 0.111523
 0.111419 0.11595 0.211107 0.0620486 0.221971 0.0132996 0.0885787 0.0642331 0.111392
 0.0716468 0.0863318 0.174349 0.265785 0.0599259 0.151971 0.00910546 0.0606446 0.12024
 0.0362257 0.0569842 0.133293 0.225652 0.264276 0.0422835 0.10723 0.00642476 0.127631
 0.0244372 0.0310807 0.095024 0.186714 0.243338 0.202319 0.0323703 0.0820903 0.102627
 0.0741014 0.0211822 0.0523396 0.134491 0.203697 0.188794 0.156968 0.0251144 0.143312
 0.0100188 0.0726724 0.04034 0.0836764 0.165503 0.178133 0.1651 0.137268 0.147288
 0.12311 0.00858456 0.120757 0.0561359 0.0894113 0.125595 0.135178 0.125288 0.21594
 0.00666636 0.120492 0.0162958 0.191757 0.0683212 0.0771336 0.108348 0.116615 0.29437
 0.00425809 0.00614176 0.214616 0.0241694 0.217118 0.054849 0.0619234 0.0869827 0.329942
Wt.1
 0.16 0.79 1.23 1.79 2.85 4.01 4.66 5.67 7.01
 0.16 0.71 1.2 1.83 2.94 3.82 5.15 5.73 7.56
 0.16 0.9 1.24 1.87 2.82 3.61 4.33 5.71 7.21
 0.2 0.43 1.24 2.42 2.98 3.7 4.61 5.67 7.28
 0.17 0.35 0.92 2.33 3.47 4.09 4.69 5.48 7.77
 0.18 0.67 0.99 1.66 2.98 4.19 4.95 5.45 8.24
 0.21 0.49 1.2 1.87 2.57 3.25 4.98 5.53 7.07
 0.14 0.43 0.94 1.91 2.84 3.61 4.83 6.31 7.86
 0.16 0.68 1.11 1.69 2.84 3.65 4.5 5.97 8.03
 0.11 0.41 1.03 1.91 2.71 3.66 4.51 5.35 8.07
 0.14 0.37 1.07 1.71 2.75 3.41 4.04 5.15 7.47
 0.17 0.32 1.01 1.6 2.69 3.61 4.3 5.04 7.91
 0.13 0.28 0.93 1.53 2.58 3.54 4.6 5.29 7.36
 0.13 0.23 1.12 1.59 2.46 3.64 4.76 5.35 7.94
 0.14 0.4 1.04 1.64 2.64 3.61 4.67 5.86 8.25
 0.13 0.27 0.57 1.51 2.5 3.61 4.62 5.95 8.44
 0.15 0.22 0.37 1.01 2.17 3.49 4.56 5.78 8.53
 0.18 0.35 0.89 1.44 2.33 3.57 4.73 6.22 10.05
 0.16 0.52 1.15 1.67 2.61 3.47 4.48 5.82 8.17
 0.17 0.39 0.83 1.68 2.36 3.5 4.73 6.01 8.2
 0.16 0.29 0.8 1.64 2.52 3.55 4.66 5.69 8.17
 0.16 0.33 1 1.7 2.46 3.38 4.44 5.92 7.89
 0.14 0.23 0.5 1.75 2.5 3.53 4.69 5.86 6.97
 0.13 0.25 0.51 1.7 2.52 3.53 5.05 5.74 7.29
 0.1 0.27 0.99 1.5 2.54 3.57 4.55 5.62 6.97
 0.1 0.27 0.61 1.54 2.23 3.35 4.66 5.98 7.2
 0.1 0.15 0.65 1.14 2.03 3.1 4.31 5.28 7.06
 0.06 0.28 0.54 1.34 2.02 2.95 3.83 5.06 6.9
 0.12 0.26 0.58 1.07 1.85 2.88 3.71 5.04 7.05
 0.08 0.35 0.8 1.38 2.01 2.93 4.2 4.65 6.01
N.1
 2.31743 2.10139 1.63414 1.09134 0.787746 0.50693 0.5668 0.325881 0.533983
 0.968403 1.80129 1.6267 1.18896 0.723323 0.480017 0.3089 0.345382 0.523962
 1.45458 0.758954 1.40685 1.20593 0.814898 0.461911 0.306536 0.197262 0.555158
 3.01057 1.11994 0.581531 1.00177 0.769023 0.470493 0.26669 0.176983 0.43442
 4.44097 2.30528 0.853062 0.408955 0.624721 0.430361 0.263297 0.149245 0.342152
 2.12583 3.36991 1.73886 0.587685 0.245805 0.332057 0.228748 0.139949 0.261191
 0.531417 1.59959 2.5189 1.17521 0.341333 0.124542 0.168243 0.115899 0.203245
 11.3029 0.390588 1.16574 1.61396 0.6204 0.151331 0.0552158 0.0745905 0.141493
 1.4843 8.27879 0.283587 0.741075 0.840085 0.269685 0.0657826 0.024002 0.0939302
 1.68404 1.04083 5.73489 0.163291 0.323103 0.285069 0.0915126 0.0223221 0.0400181
 4.17832 1.18242 0.722008 3.31185 0.0715672 0.110445 0.0974432 0.0312812 0.0213094
 2.88144 3.09853 0.870038 0.472082 1.81288 0.0333784 0.0515105 0.0454467 0.0245278
 0.492605 2.20192 2.35498 0.609023 0.291972 1.00286 0.0184644 0.0284947 0.0387087
 1.75345 0.379302 1.68728 1.67714 0.388472 0.168634 0.579216 0.0106644 0.0388145
 2.17218 1.37171 0.295662 1.24568 1.14101 0.245522 0.10658 0.366075 0.0312716
 2.22763 1.71933 1.08285 0.224174 0.888874 0.770857 0.165873 0.0720045 0.268445
 0.253256 1.78087 1.37193 0.839829 0.166581 0.635528 0.551147 0.118596 0.243415
 3.20941 0.203757 1.43083 1.07953 0.640424 0.123488 0.471123 0.408571 0.268362
 0.964462 2.59363 0.164494 1.1373 0.838233 0.486907 0.0938868 0.35819 0.514665
 4.63181 0.781741 2.1006 0.131637 0.893861 0.648187 0.376514 0.0726005 0.674959
 4.30257 3.74713 0.631833 1.67373 0.102659 0.683736 0.495814 0.288005 0.571826
 3.59765 3.47202 3.02035 0.500562 1.29197 0.0774095 0.515566 0.373865 0.648349
 2.60751 2.91361 2.80945 2.41243 0.392072 0.994286 0.0595733 0.396773 0.786682
 1.44945 2.11428 2.36069 2.25016 1.89889 0.303816 0.770471 0.0461633 0.917057
 0.997054 1.17584 1.71393 1.89279 1.77462 1.47546 0.236069 0.598665 0.748434
 3.05789 0.810531 0.955335 1.38075 1.50548 1.39533 1.16012 0.185615 1.05919
 0.369246 2.48362 0.657899 0.768061 1.09424 1.17773 1.09156 0.907554 0.973804
 4.63428 0.299683 2.01434 0.528057 0.606885 0.85248 0.917527 0.850397 1.4657
 0.223883 3.75266 0.242462 1.60844 0.413394 0.466713 0.655583 0.705605 1.78114
 0.135555 0.181357 3.0373 0.193762 1.26102 0.31856 0.359648 0.505191 1.91628
iM2.1
 0 0 0 0 0 0 0 0 0
M2.1
 0 0 0 0 0 0 0 0 0
 0 0 0 0 0 0 0 0 0
 0 0 0 0 0 0 0 0 0
 0 0 0 0 0 0 0 0 0
 0 0 0 0 0 0 0 0 0
 0 0 0 0 0 0 0 0 0
 0 0 0 0 0 0 0 0 0
 0 0 0 0 0 0 0 0 0
 0 0 0 0 0 0 0 0 0
 0 0 0 0 0 0 0 0 0
 0 0 0 0 0 0 0 0 0
 0 0 0 0 0 0 0 0 0
 0 0 0 0 0 0 0 0 0
 0 0 0 0 0 0 0 0 0
 0 0 0 0 0 0 0 0 0
 0 0 0 0 0 0 0 0 0
 0 0 0 0 0 0 0 0 0
 0 0 0 0 0 0 0 0 0
 0 0 0 0 0 0 0 0 0
 0 0 0 0 0 0 0 0 0
 0 0 0 0 0 0 0 0 0
 0 0 0 0 0 0 0 0 0
 0 0 0 0 0 0 0 0 0
 0 0 0 0 0 0 0 0 0
 0 0 0 0 0 0 0 0 0
 0 0 0 0 0 0 0 0 0
 0 0 0 0 0 0 0 0 0
 0 0 0 0 0 0 0 0 0
 0 0 0 0 0 0 0 0 0
 0 0 0 0 0 0 0 0 0
obs.totFIC.1
 1.94 0.95 1.43 1.43 3.96 0.88 1.03 15.2 1.88 1.66 0.78 1.9 0.65 2.05 1.75 1.62 0.58 3.58 0.64 3.54 2.66 2.22 1.4 1.72 0.72 1.44 0.47 2.17 0.94 2.09
 1.07 0.88 0.49 1.1 0.79 1 0.28 1.11 0.42 0.54 3.96 1.64 0.77 0.7 0.91 1.1 0.37 0.86 1.01 1.7 2.07 2.3 2.45 2.14 3.18 7.97 3.11 5.09 1.68 0.33
pred.totFIC.1
 1.66286 1.21242 1.22807 1.53395 1.86721 1.24826 0.748994 3.56431 1.18472 1.067 1.71915 1.45755 0.83996 1.12513 1.28339 1.35423 0.846266 1.64289 1.15636 2.19508 2.27757 2.22014 2.13812 1.95538 1.94013 2.52285 1.77413 2.79706 1.59518 1.4047
 1.27223 0.92801 0.916281 1.16373 1.43128 0.940507 0.527837 2.7319 0.840431 0.754778 1.29904 1.11702 0.629157 0.874506 1.01336 1.08445 0.67708 1.33832 0.940937 1.7925 1.85424 1.81369 1.74612 1.59271 1.5835 2.0602 1.4401 2.27802 1.29047 1.11885
toteps.1
 0.154149 -0.243909 0.15223 -0.0701713 0.7518 -0.349585 0.318584 1.45033 0.461765 0.441971 -0.790291 0.265096 -0.256382 0.599938 0.310108 0.179191 -0.377806 0.778908 -0.591565 0.477909 0.155217 -6.51044e-05 -0.423457 -0.12826 -0.991262 -0.560745 -1.32833 -0.253843 -0.528862 0.397341
 -0.173113 -0.0531209 -0.625918 -0.0563217 -0.594294 0.0613361 -0.633998 -0.900638 -0.693661 -0.334855 1.11462 0.384034 0.202009 -0.222579 -0.107581 0.0142342 -0.604286 -0.442235 0.0708291 -0.0529822 0.110075 0.237547 0.338691 0.295372 0.697241 1.35288 0.76991 0.803971 0.263791 -1.22096
resid.totFIC.1
 0.154063 -0.243681 0.152115 -0.070124 0.751517 -0.34925 0.31822 1.45011 0.461453 0.441637 -0.789591 0.264936 -0.256035 0.599538 0.309901 0.17907 -0.377264 0.778579 -0.590868 0.477736 0.155154 -6.50751e-05 -0.42321 -0.12819 -0.990389 -0.560447 -1.32677 -0.25374 -0.528426 0.397107
 -0.172964 -0.0530622 -0.62497 -0.0562719 -0.593728 0.0612729 -0.632326 -0.900103 -0.692472 -0.334329 1.1141 0.383749 0.201719 -0.222294 -0.107469 0.0142211 -0.603063 -0.44182 0.0707565 -0.0529518 0.110019 0.23743 0.338527 0.295211 0.696925 1.35252 0.769537 0.803728 0.263611 -1.21883
Age1CV.1
2.15815
obs.FIC.1.sp.1
 0 0.27 0.413 0.515 0.314 0.116 0.087 0.047 0.18
 0.111 0.051 0.084 0.072 0.135 0.104 0.062 0.138 0.189
 0.099 0.181 0.093 0.293 0.248 0.154 0.236 0.055 0.067
 0.006 0.375 0.049 0.072 0.163 0.209 0.07 0.061 0.423
 0.107 1.514 0.855 0.733 0.122 0.267 0.113 0.116 0.134
 0.57 0.059 0.019 0.029 0.002 0 0.048 0.026 0.125
 0.171 0.128 0.115 0.122 0.115 0.102 0.045 0.038 0.19
 0.015 0.336 4.445 3.591 4.545 1.774 0.243 0.017 0.229
 0.049 0.149 0.067 0.197 0.102 0.417 0.381 0.13 0.389
 0.153 0.908 0.201 0.025 0.035 0.036 0.074 0.08 0.144
 0.402 0.024 0.078 0.014 0 0.031 0.022 0.056 0.152
 0.057 0.124 0.105 0.437 0.408 0.283 0.17 0.144 0.173
 0 0.024 0.238 0.092 0.032 0.051 0.041 0.033 0.133
 0.11 0.076 0.434 0.589 0.31 0.258 0.158 0.011 0.107
 0.715 0.195 0.146 0.141 0.165 0.082 0.09 0.038 0.182
 0.588 0.277 0.327 0.196 0.046 0.089 0.048 0.014 0.036
 0.003 0.046 0.099 0.128 0.075 0.071 0.086 0.048 0.025
 0.004 0.022 0.868 1.974 0.512 0.124 0.003 0.049 0.024
 0.237 0.021 0.008 0.07 0.153 0.082 0.044 0.021 0
 0.513 0.478 0.776 0.593 0.712 0.193 0.193 0.034 0.044
 0.755 0.26 0.974 0.179 0.058 0.172 0.161 0.069 0.03
 0.653 1.115 0.181 0.13 0.038 0.051 0.042 0.012 0
 0.736 0.106 0.118 0.084 0.154 0.107 0.055 0.028 0.015
 0.671 0.166 0.119 0.075 0.257 0.245 0.115 0.05 0.018
 0.04 0.021 0.039 0.219 0.146 0.183 0.057 0.017 0
 0.303 0.861 0.046 0.074 0.038 0.052 0.04 0.016 0.013
 0.067 0.194 0.046 0.009 0.03 0.063 0.029 0.012 0.023
 0.006 0.454 0.015 0.031 0.136 0.932 0.375 0.155 0.063
 0.086 0.019 0.022 0.007 0.055 0.312 0.38 0.051 0.012
 0.235 0.141 0.203 0.087 0.318 0.426 0.662 0.023 0
obs.sprop.1.sp.1
 0 0.139032 0.212667 0.265191 0.161689 0.0597322 0.0447992 0.0242019 0.092688
 0.117336 0.0539112 0.0887949 0.0761099 0.142706 0.109937 0.0655391 0.145877 0.199789
 0.069425 0.126928 0.0652174 0.20547 0.173913 0.107994 0.165498 0.0385694 0.0469846
 0.00420168 0.262605 0.0343137 0.0504202 0.114146 0.146359 0.0490196 0.0427171 0.296218
 0.0270134 0.382227 0.215855 0.185054 0.0308003 0.0674072 0.0285281 0.0292855 0.0338298
 0.649203 0.0671982 0.0216401 0.0330296 0.0022779 0 0.0546697 0.0296128 0.142369
 0.166667 0.124756 0.112086 0.118908 0.112086 0.0994152 0.0438596 0.037037 0.185185
 0.000987167 0.0221125 0.29253 0.236328 0.299112 0.116749 0.0159921 0.00111879 0.0150707
 0.02605 0.0792132 0.0356194 0.104732 0.0542265 0.221691 0.202552 0.0691122 0.206805
 0.0923913 0.548309 0.121377 0.0150966 0.0211353 0.0217391 0.044686 0.0483092 0.0869565
 0.516046 0.0308087 0.100128 0.0179718 0 0.0397946 0.0282413 0.071887 0.195122
 0.0299842 0.0652288 0.0552341 0.229879 0.214624 0.148869 0.0894266 0.0757496 0.0910047
 0 0.0372671 0.369565 0.142857 0.0496894 0.0791925 0.0636646 0.0512422 0.206522
 0.0535801 0.037019 0.211398 0.286897 0.150999 0.12567 0.0769605 0.00535801 0.0521189
 0.40764 0.111174 0.0832383 0.0803877 0.0940707 0.0467503 0.0513113 0.0216648 0.103763
 0.362739 0.170882 0.201727 0.120913 0.0283775 0.0549044 0.0296114 0.00863664 0.0222085
 0.00516351 0.0791738 0.170396 0.22031 0.129088 0.122203 0.148021 0.0826162 0.0430293
 0.00111732 0.00614525 0.242458 0.551397 0.143017 0.0346369 0.000837989 0.0136872 0.00670391
 0.372642 0.0330189 0.0125786 0.110063 0.240566 0.128931 0.0691824 0.0330189 0
 0.145079 0.135181 0.219457 0.167704 0.201357 0.0545814 0.0545814 0.00961538 0.0124434
 0.284048 0.0978179 0.366441 0.0673439 0.0218209 0.0647103 0.0605719 0.0259594 0.0112867
 0.293879 0.5018 0.0814581 0.0585059 0.0171017 0.0229523 0.0189019 0.00540054 0
 0.52459 0.0755524 0.0841055 0.0598717 0.109765 0.0762651 0.0392017 0.0199572 0.0106914
 0.391026 0.0967366 0.0693473 0.0437063 0.149767 0.142774 0.0670163 0.0291375 0.0104895
 0.0554017 0.0290859 0.0540166 0.303324 0.202216 0.253463 0.0789474 0.0235457 0
 0.209979 0.596674 0.031878 0.0512821 0.026334 0.036036 0.02772 0.011088 0.00900901
 0.141649 0.410148 0.0972516 0.0190275 0.0634249 0.133192 0.0613108 0.02537 0.0486258
 0.0027688 0.209506 0.00692201 0.0143055 0.0627596 0.430088 0.17305 0.0715275 0.0290725
 0.0911017 0.0201271 0.0233051 0.00741525 0.0582627 0.330508 0.402542 0.0540254 0.0127119
 0.112172 0.0673031 0.0968974 0.0415274 0.15179 0.203341 0.31599 0.0109785 0
pred.sprop.1.sp.1
 0.386802 0.0735782 0.0735535 0.08124 0.0872407 0.078018 0.0872322 0.050154 0.0821815
 0.222298 0.0867597 0.101051 0.122754 0.111597 0.102918 0.0662298 0.0740518 0.11234
 0.327701 0.0358598 0.0851286 0.119999 0.120022 0.0945431 0.0627413 0.0403752 0.113629
 0.542011 0.0422808 0.0280548 0.0792145 0.089741 0.076299 0.0432487 0.028701 0.070449
 0.654853 0.0712648 0.0335779 0.0262419 0.0588709 0.0563587 0.0344805 0.0195446 0.0448072
 0.467587 0.155361 0.101731 0.0557689 0.0341003 0.0640168 0.0441 0.0269806 0.0503546
 0.193285 0.121869 0.241271 0.180038 0.0754828 0.0382736 0.0517035 0.0356176 0.0624601
 0.862884 0.00624544 0.0234023 0.0517134 0.0286411 0.00970866 0.00354238 0.00478537 0.0090775
 0.335999 0.392074 0.0165719 0.0673412 0.107435 0.0479286 0.0116909 0.00426565 0.0166933
 0.423457 0.0547565 0.372468 0.0165041 0.0459916 0.0563897 0.0181022 0.00441556 0.00791603
 0.664076 0.039374 0.0303341 0.223734 0.00701266 0.0150393 0.0132689 0.00425957 0.0029017
 0.545584 0.123019 0.0441052 0.039178 0.221785 0.00567471 0.00875737 0.00772645 0.00417
 0.162261 0.152114 0.208353 0.0886117 0.0628803 0.300141 0.00552615 0.0085281 0.011585
 0.433468 0.0196735 0.112789 0.186128 0.0643622 0.0388266 0.13336 0.0024554 0.00893673
 0.47261 0.0626374 0.0174814 0.12314 0.169455 0.0506724 0.0219966 0.075553 0.00645403
 0.460849 0.0746714 0.0611353 0.021287 0.12749 0.153647 0.0330618 0.0143519 0.0535064
 0.0840199 0.124053 0.124548 0.128721 0.0386976 0.205167 0.177926 0.0382861 0.0785812
 0.549276 0.00732287 0.0671357 0.0857454 0.0772831 0.0207089 0.079007 0.068517 0.0450041
 0.234745 0.132574 0.0109903 0.128861 0.144527 0.116666 0.0224958 0.0858244 0.123317
 0.593512 0.0210357 0.0738274 0.00783687 0.0808955 0.0815208 0.0473533 0.00913079 0.0848879
 0.530909 0.0970907 0.0213612 0.0957072 0.00891162 0.0824824 0.0598124 0.0347434 0.0689821
 0.455954 0.0924084 0.10504 0.0295067 0.115839 0.0096452 0.0642394 0.0465834 0.0807841
 0.343282 0.080556 0.101546 0.147903 0.0365858 0.128935 0.00772525 0.0514521 0.102014
 0.208689 0.0639303 0.0933339 0.150946 0.193929 0.043119 0.109349 0.0065517 0.130153
 0.144782 0.0358605 0.0684038 0.128332 0.183384 0.211885 0.0339009 0.0859717 0.107479
 0.341374 0.0190037 0.0293014 0.0719058 0.119437 0.153836 0.127903 0.020464 0.116775
 0.0586038 0.0827842 0.0286787 0.0568228 0.123277 0.184388 0.170897 0.142088 0.15246
 0.46617 0.00633069 0.0555988 0.0247029 0.04318 0.0842899 0.0907214 0.0840838 0.144922
 0.0394938 0.13902 0.0117378 0.132 0.0516093 0.0809707 0.113738 0.122417 0.309014
 0.0271041 0.00761411 0.166267 0.0179206 0.176881 0.0620962 0.0701053 0.0984756 0.373537
obs.FIC.2.sp.1
 0.033 0.221 0.044 0.051 0.11 0.082 0.172 0.081 0.273
 0.013 0.017 0.183 0.146 0.081 0.094 0.071 0.087 0.184
 0.057 0.006 0.011 0.049 0.096 0.031 0.047 0.049 0.147
 0.026 0.177 0.515 0.137 0.129 0.032 0.026 0.003 0.055
 0.082 0.221 0.222 0.053 0.018 0.057 0.048 0 0.091
 0.506 0.015 0.07 0.041 0.07 0.016 0.057 0.078 0.147
 0.104 0.123 0.017 0.004 0.003 0.02 0.003 0.003 0.005
 0.67 0.048 0.103 0.079 0.08 0.05 0.023 0 0.054
 0.135 0.082 0.032 0.039 0.042 0.043 0.038 0.008 0.005
 0.042 0.191 0.056 0 0.059 0.016 0.067 0.031 0.08
 0.096 0.116 1.106 1.351 0.432 0.449 0.079 0.192 0.141
 0.437 0.678 0.364 0.132 0 0 0 0 0.031
 0.01 0.089 0.246 0.151 0.124 0.009 0.022 0.034 0.087
 0.138 0.066 0.154 0.23 0.056 0.043 0.012 0 0
 0.303 0.2 0.132 0.131 0.113 0.016 0.01 0 0
 0.484 0.399 0.092 0.032 0.012 0.061 0 0 0.015
 0 0.051 0.137 0.098 0.071 0.018 0 0 0
 0.031 0.157 0.47 0.11 0.069 0.024 0 0 0
 0.288 0.309 0.046 0.212 0.134 0.015 0.006 0 0
 0.549 0.634 0.146 0.17 0.172 0.033 0 0 0
 1.243 0.328 0.319 0.092 0.028 0.035 0.022 0 0
 0.51 0.539 0.204 0.517 0.267 0.2 0.044 0.014 0
 0.35 1.949 0.093 0.017 0.027 0.018 0 0 0
 0.116 0.612 0.482 0.501 0.272 0.093 0.052 0.013 0
 0.203 0.131 0.923 0.691 0.83 0.326 0.075 0 0
 0.313 2.034 1.909 3.106 0.53 0.075 0 0 0
 0.116 0.26 1.661 0.418 0.361 0.203 0.087 0 0
 0.033 2.228 0.407 0.904 0.631 0.765 0.114 0.012 0
 0.282 0.803 0.115 0.052 0.102 0.155 0.168 0.006 0
 0.112 0.012 0 0.028 0.015 0.077 0.056 0.014 0.017
obs.sprop.2.sp.1
 0.0309278 0.207123 0.0412371 0.0477976 0.103093 0.076851 0.1612 0.0759138 0.255858
 0.0148402 0.0194064 0.208904 0.166667 0.0924658 0.107306 0.0810502 0.0993151 0.210046
 0.115619 0.0121704 0.0223124 0.0993915 0.194726 0.0628803 0.0953347 0.0993915 0.298174
 0.0236364 0.160909 0.468182 0.124545 0.117273 0.0290909 0.0236364 0.00272727 0.05
 0.103535 0.27904 0.280303 0.0669192 0.0227273 0.0719697 0.0606061 0 0.114899
 0.506 0.015 0.07 0.041 0.07 0.016 0.057 0.078 0.147
 0.368794 0.43617 0.0602837 0.0141844 0.0106383 0.070922 0.0106383 0.0106383 0.0177305
 0.605239 0.0433604 0.0930443 0.071364 0.0722674 0.0451671 0.0207769 0 0.0487805
 0.318396 0.193396 0.0754717 0.0919811 0.0990566 0.101415 0.0896226 0.0188679 0.0117925
 0.0774908 0.352399 0.103321 0 0.108856 0.0295203 0.123616 0.0571956 0.147601
 0.0242302 0.0292781 0.279152 0.340989 0.109036 0.113327 0.0199394 0.0484604 0.0355881
 0.266139 0.412911 0.221681 0.0803898 0 0 0 0 0.0188794
 0.0129534 0.115285 0.318653 0.195596 0.160622 0.011658 0.0284974 0.0440415 0.112694
 0.197425 0.0944206 0.220315 0.329041 0.0801144 0.0615165 0.0171674 0 0
 0.334807 0.220994 0.145856 0.144751 0.124862 0.0176796 0.0110497 0 0
 0.442009 0.364384 0.0840183 0.0292237 0.0109589 0.0557078 0 0 0.0136986
 0 0.136 0.365333 0.261333 0.189333 0.048 0 0 0
 0.0360046 0.182346 0.545877 0.127758 0.0801394 0.0278746 0 0 0
 0.285149 0.305941 0.0455446 0.209901 0.132673 0.0148515 0.00594059 0 0
 0.322183 0.372066 0.0856808 0.0997653 0.100939 0.0193662 0 0 0
 0.601355 0.158684 0.15433 0.044509 0.0135462 0.0169328 0.0106434 0 0
 0.222222 0.234858 0.0888889 0.225272 0.11634 0.087146 0.0191721 0.00610022 0
 0.142624 0.794214 0.0378973 0.00692747 0.0110024 0.00733496 0 0 0
 0.0541803 0.285848 0.225128 0.234003 0.127043 0.0434376 0.0242877 0.00607193 0
 0.0638566 0.0412079 0.290343 0.217364 0.261088 0.102548 0.0235923 0 0
 0.0392871 0.255303 0.239613 0.389858 0.0665244 0.00941383 0 0 0
 0.0373471 0.083709 0.534771 0.134578 0.116227 0.0653574 0.0280103 0 0
 0.00647821 0.437377 0.0798979 0.177464 0.123871 0.150177 0.0223793 0.00235571 0
 0.167558 0.477124 0.0683304 0.0308972 0.0606061 0.0920974 0.0998217 0.00356506 0
 0.338369 0.0362538 0 0.0845921 0.0453172 0.232628 0.169184 0.0422961 0.0513595
pred.sprop.2.sp.1
 0.408389 0.0775257 0.0751345 0.0792049 0.0815549 0.0729332 0.0815469 0.0468853 0.0768254
 0.235571 0.0917815 0.104148 0.121649 0.106751 0.0984487 0.0633536 0.0708359 0.107461
 0.353109 0.0385468 0.0882139 0.117676 0.111992 0.0882177 0.0585436 0.0376739 0.106026
 0.572809 0.0445657 0.0284133 0.0755489 0.0810778 0.0689333 0.0390736 0.0259303 0.0636481
 0.681847 0.0739807 0.0333126 0.0243179 0.0513023 0.049113 0.0300476 0.0170319 0.0390466
 0.493234 0.163338 0.101702 0.0516843 0.0295169 0.0554122 0.0381725 0.0233541 0.0435864
 0.215439 0.135262 0.251091 0.170069 0.0653442 0.0331328 0.0447587 0.0308335 0.0540706
 0.88279 0.00636156 0.0223051 0.0445999 0.0225735 0.00765187 0.00279192 0.00377158 0.00715442
 0.363402 0.42147 0.0162417 0.0574301 0.0808315 0.0360601 0.00879591 0.00320935 0.0125596
 0.459586 0.0590699 0.366615 0.014152 0.0348281 0.0427022 0.0137082 0.00334377 0.00599456
 0.693413 0.0409535 0.0297417 0.200714 0.00580705 0.0124537 0.0109877 0.00352726 0.00240284
 0.5702 0.128221 0.0441172 0.0368362 0.197214 0.00504602 0.00778715 0.00687044 0.00370801
 0.174166 0.16288 0.215078 0.0865685 0.058455 0.279018 0.00513723 0.00792791 0.0107697
 0.451948 0.0204755 0.114241 0.180975 0.0603175 0.0363866 0.124979 0.00230109 0.00837512
 0.487907 0.0645787 0.0176634 0.120703 0.161622 0.04833 0.0209798 0.0720605 0.00615569
 0.471457 0.0763185 0.0616017 0.0209953 0.123342 0.148648 0.0319861 0.013885 0.0517656
 0.0863043 0.127338 0.12652 0.128725 0.0381555 0.202293 0.175434 0.0377498 0.0774805
 0.555377 0.00740041 0.0673213 0.0849829 0.075793 0.0203096 0.0774836 0.067196 0.0441364
 0.237971 0.134342 0.0110704 0.128635 0.143105 0.115518 0.0222745 0.0849801 0.122104
 0.598964 0.0212189 0.0739412 0.00776515 0.0793837 0.0799973 0.0464683 0.00896014 0.0833014
 0.536735 0.0981001 0.0213977 0.0946327 0.00870898 0.0806068 0.0584523 0.0339534 0.0674135
 0.460206 0.0932301 0.105287 0.0292887 0.113975 0.00948996 0.0632055 0.0458337 0.0794839
 0.346804 0.0813516 0.101959 0.14722 0.0361327 0.127338 0.00762957 0.0508148 0.100751
 0.211433 0.0647476 0.0940098 0.150789 0.192291 0.0427547 0.108425 0.00649635 0.129053
 0.146541 0.036286 0.0689222 0.128482 0.182544 0.210914 0.0337455 0.0855778 0.106987
 0.345184 0.0192098 0.029478 0.0718209 0.118526 0.152662 0.126927 0.0203079 0.115884
 0.0595933 0.084153 0.0290013 0.0570133 0.122819 0.183703 0.170262 0.14156 0.151894
 0.471926 0.00640608 0.0558924 0.0245889 0.0425996 0.0831568 0.0895019 0.0829536 0.142974
 0.0402582 0.141651 0.0118841 0.132374 0.0513111 0.0805029 0.113081 0.121709 0.307228
 0.0279826 0.00785587 0.169888 0.0180451 0.175779 0.0617094 0.0696686 0.0978622 0.37121
TCwt
 150
TSwt
 100 100
CPwt
 15
SPwt
 10 10
nBpen
 0
lBpen
 0
Bthres
 1e-07
Bwt
 1e+15
Ywt
 7
Rwt
 100
Rthres
 1
TCres
 15.4254
CPmulti
 1054.77
CPideal
 839.142
TSresA
 977.219 1003.8
TSresB
 975.882 1001.96
SPmulti
 761.917 739.959
SPideal
 517.47 476.478
tYpen
 3.06346
tRpen
 1.34131
Devs
 2.46132e-13
ofvsp
 4553.09
ofvsp_ideal
 2720
