mgc
0.000606036
ofv
1862.79
ofv_ideal
929.712
nsp
1
nf
808
nFIC
2
yrs
 1978 1979 1980 1981 1982 1983 1984 1985 1986 1987 1988 1989 1990 1991 1992 1993 1994 1995 1996 1997 1998 1999 2000 2001 2002 2003 2004 2005 2006 2007
nyr
 30
nage
 10
FICnseg
 1
M1nseg
1
M1yr
 1978
agePR
 1
ageFR
 6
ficFR
 2
FICfage
 1 1
FIClage
 10 10
FICs.lage
 1
Ft
 0.119331 0.118012 0.136327 0.261906 0.196311 0.230032 0.295277 0.409268 0.424358 0.33702 0.334056 0.310531 0.386556 0.210465 0.0463297 0.0149095 0.0286313 0.0219398 0.0410511 0.0354021 0.0288194 0.0210813 0.00952466 0.0147777 0.0257894 0.032431 0.0594086 0.0465253 0.0728094 0.0289769
nFt
 30
nsel
 5
FICnsel
 1
obs.sumC
 6.07397 5.66775 5.45749 6.2384 4.85531 5.513 9.26571 17.7995 15.4068 17.1684 17.9033 14.0881 12.8123 13.56 7.43095 6.38154 6.60554 7.50484 10.598 8.86771 8.82477 6.5949 5.92048 12.8467 16.9969 19.9979 28.7329 27.1688 27.1158 17.7059
obs.totc
 0.236575 0.235028 0.314241 1.11343 1.08016 1.23433 2.2553 4.03842 3.90427 5.11703 5.65151 5.15766 6.25126 4.48188 1.27824 0.541725 1.09689 0.94282 1.88477 1.66319 1.47671 1.31683 0.697153 1.40688 2.6946 3.40868 5.51494 4.23379 5.64444 2.5648
pred.totc
 0.240775 0.237193 0.306992 1.13106 1.15056 1.23897 2.07907 3.72942 3.50965 4.83875 5.73137 5.20149 5.98523 4.34542 1.27602 0.541713 1.10006 0.948357 1.91848 1.67595 1.47825 1.31853 0.698365 1.41885 2.72242 3.44622 5.73133 4.29145 5.71239 2.57103
resid.totc
 -0.0175209 -0.00913242 0.0232653 -0.0156951 -0.0630776 -0.00374716 0.0813235 0.0795811 0.106527 0.0559067 -0.0140296 -0.00846166 0.0434814 0.0309135 0.00173611 2.12015e-05 -0.00288183 -0.00584915 -0.0177201 -0.00764023 -0.00103868 -0.00128262 -0.00173391 -0.00846311 -0.010266 -0.0109494 -0.03848 -0.0135236 -0.0119631 -0.002424
Age1
 0.593792 2.90916 0.763874 1.24481 3.83887 2.30096 1.72768 4.52777 2.56013 3.08135 3.55048 3.64595 4.25782 3.8715 3.04971 3.66548 3.36837 2.79384 4.14377 4.35989 4.36724 5.3167 3.01828 3.5658 3.69123 3.7745 4.22834 3.81276 4.00974
Yr1
 -0.278417 -0.416386 -0.294621 -0.017469 -0.417968 -0.793164 -1.15548 -1.39978 -1.06225 -1.00379
FICmonth.1
 4 10
sel.1
 0.10865 0.693273 0.9484 0.999999 1 1 1 1 1 1
FICsel.1
 0.0917099 1 1 1 1 1 1 1 1 1
FIC.q.1
 0.076448
 0.0895148
FIC.yr.1
 0
M1.1
 0.2 0.2 0.2 0.2 0.2 0.2 0.2 0.2 0.2 0.2
obs.CAA.1
 0.00967193 0.0193439 0.454581 1.68292 1.28637 0.812442 0.454581 0.212783 0.435237 0.706051
 0.0386877 0.0580316 0.125735 0.686707 1.79898 1.26702 0.59966 0.25147 0.212783 0.628676
 0.116063 1.05424 0.320334 0.186281 0.667363 1.33473 0.73468 0.327298 0.213556 0.502941
 1.55718 0.686707 0.889818 0.135407 0.193439 0.589988 1.13162 0.473925 0.241798 0.338518
 0.357862 1.14129 0.261142 0.880146 0.116063 0.183767 0.328846 0.812442 0.280486 0.493269
 0.212783 1.47981 0.628676 0.183767 0.677035 0.0677035 0.116063 0.531956 0.986537 0.628676
 0.0483597 3.90746 2.63077 0.309502 0.116063 0.444909 0.0580316 0.0677035 0.328846 1.35407
 0.300314 0.150689 11.896 3.14715 0.280486 0.092367 0.382235 0.0406221 0.0712822 1.43831
 0.124671 1.22979 0.648793 9.75908 2.45609 0.203497 0.0673167 0.307954 0.0207947 0.588827
 0.403126 1.41094 1.41423 0.745223 10.6505 1.72102 0.242862 0.0351091 0.203788 0.341516
 0.0972029 1.25822 0.993695 0.962841 1.12968 10.3272 2.22832 0.254178 0.114999 0.536986
 0.3803 1.65999 1.0671 0.707986 0.684483 0.227484 8.57214 0.481372 0.0894654 0.217812
 0.188603 2.0196 3.1075 0.769112 0.621132 0.417634 0.0773755 5.24345 0.251857 0.116063
 0.136664 1.41307 5.454 2.38181 0.624807 0.377205 0.319174 0.0967193 2.64044 0.116063
 0.0708953 0.652952 0.511839 2.48511 1.48754 0.200209 0.150302 0.122737 0.129507 1.61986
 0.146917 0.890302 1.09399 0.596855 1.59925 0.865541 0.185508 0.0787295 0.107939 0.816505
 0.192568 0.171967 1.2294 1.39421 0.530892 1.90808 0.646762 0.104844 0.0296928 0.39713
 1.79086 1.99754 0.264237 0.923089 0.793389 0.3125 0.992437 0.312017 0.0296928 0.0890785
 0.743288 3.38247 2.49507 0.188119 1.23269 0.954233 0.246924 0.988375 0.223325 0.143532
 0.667557 2.12657 2.26333 1.07504 0.10407 0.824339 0.657788 0.268976 0.698991 0.181059
 0.223228 2.88698 1.84802 1.61434 0.843296 0.111711 0.568806 0.400515 0.0952686 0.23261
 0.168098 0.64947 2.30937 1.37254 0.890302 0.464736 0.140243 0.28126 0.195663 0.12322
 2.52476 0.927732 0.597532 0.996403 0.422954 0.319464 0.067897 0.00522284 0.0221487 0.0363665
 0.878598 7.43878 2.30115 0.726556 0.953556 0.230579 0.200016 0.069251 0.0162488 0.0320141
 0.961874 1.19487 11.6098 1.37786 0.508647 0.939532 0.300507 0.0781492 0.0180865 0.00754411
 0.987698 2.31614 2.56712 11.7931 1.35262 0.485338 0.470153 0.0252437 0.000483597 0
 3.63191 7.53482 2.16071 2.43752 11.7114 0.876084 0.273522 0.0852097 0.0217619 0
 1.80401 9.77349 6.11701 1.24371 0.910129 6.78544 0.209301 0.313661 0.00773755 0.00435237
 2.391 2.14833 12.495 4.32393 1.02832 0.822018 3.79188 0.0973964 0.0137341 0.00415893
 0.211428 5.10717 3.81084 6.20977 1.34894 0.209591 0.161328 0.631674 0.0146046 0.000580316
obs.cprop.1
 0.00159236 0.00318471 0.0748408 0.27707 0.211783 0.133758 0.0748408 0.0350318 0.0716561 0.116242
 0.00682594 0.0102389 0.0221843 0.12116 0.317406 0.223549 0.105802 0.0443686 0.0375427 0.110922
 0.0212668 0.193173 0.0586963 0.0341332 0.122284 0.244568 0.134619 0.0599724 0.0391309 0.0921561
 0.249612 0.110078 0.142636 0.0217054 0.0310078 0.0945736 0.181395 0.075969 0.0387597 0.0542636
 0.0737052 0.23506 0.0537849 0.181275 0.0239044 0.0378486 0.0677291 0.167331 0.0577689 0.101594
 0.0385965 0.268421 0.114035 0.0333333 0.122807 0.0122807 0.0210526 0.0964912 0.178947 0.114035
 0.00521921 0.421712 0.283925 0.0334029 0.0125261 0.0480167 0.00626305 0.00730689 0.0354906 0.146138
 0.0168721 0.00846592 0.668335 0.176812 0.0157581 0.00518931 0.0214745 0.00228221 0.00400474 0.0808066
 0.00809196 0.079821 0.0421108 0.633426 0.159416 0.0132083 0.00436928 0.0199882 0.00134971 0.0382186
 0.0234808 0.0821827 0.0823742 0.0434067 0.620359 0.100244 0.0141459 0.00204499 0.01187 0.0198922
 0.00542932 0.0702787 0.0555033 0.05378 0.063099 0.576832 0.124464 0.0141973 0.00642335 0.0299936
 0.0269944 0.117829 0.0757449 0.050254 0.0485857 0.0161472 0.608465 0.0341686 0.00635041 0.0154607
 0.0147204 0.157629 0.24254 0.0600291 0.0484793 0.0325963 0.00603915 0.40925 0.0196574 0.00905872
 0.0100785 0.104209 0.402214 0.17565 0.0460774 0.0278176 0.023538 0.00713272 0.194723 0.00855926
 0.00954054 0.0878693 0.0688793 0.334427 0.200182 0.0269426 0.0202265 0.016517 0.0174281 0.217988
 0.0230221 0.139512 0.171431 0.0935283 0.250606 0.135632 0.0290694 0.0123371 0.0169142 0.127948
 0.0291525 0.0260337 0.186116 0.211067 0.0803707 0.28886 0.097912 0.0158721 0.00449514 0.0601207
 0.238627 0.266167 0.0352089 0.122999 0.105717 0.0416398 0.13224 0.0415754 0.00395649 0.0118695
 0.0701346 0.31916 0.235428 0.0177504 0.116313 0.0900388 0.0232991 0.0932603 0.0210723 0.0135432
 0.0752795 0.23981 0.255233 0.12123 0.0117358 0.0929596 0.0741779 0.0303321 0.0788242 0.0204177
 0.0252956 0.327145 0.209412 0.182933 0.0955601 0.0126588 0.0644557 0.0453853 0.0107956 0.0263588
 0.0254891 0.0984806 0.350175 0.208122 0.134998 0.070469 0.0212654 0.0426481 0.0296688 0.0186842
 0.426445 0.156699 0.100926 0.168298 0.0714391 0.0539591 0.0114682 0.000882166 0.00374104 0.00614249
 0.0683907 0.57904 0.179123 0.0565556 0.0742255 0.0179484 0.0155694 0.00539055 0.00126482 0.002492
 0.0565912 0.0702994 0.683055 0.0810657 0.0299259 0.0552767 0.0176801 0.00459786 0.00106411 0.000443853
 0.0493901 0.115819 0.12837 0.589717 0.0676382 0.0242694 0.0235101 0.00126232 2.41824e-05 0
 0.126402 0.262237 0.0751999 0.0848338 0.407594 0.0304906 0.00951948 0.00296558 0.000757384 0
 0.0663999 0.359731 0.225148 0.0457772 0.033499 0.249751 0.0077037 0.0115449 0.000284795 0.000160197
 0.0881775 0.0792281 0.460801 0.159462 0.0379233 0.0303151 0.139841 0.00359187 0.000506501 0.000153377
 0.0119411 0.288444 0.21523 0.350717 0.0761861 0.0118373 0.00911152 0.0356759 0.000824844 3.27752e-05
pred.cprop.1
 0.0187006 0.100528 0.153099 0.212364 0.142281 0.0977688 0.0680534 0.0533029 0.074703 0.0792
 0.050432 0.105179 0.115235 0.13274 0.174057 0.116616 0.0801331 0.0557778 0.0436881 0.126142
 0.344703 0.168954 0.0716879 0.0593907 0.0646746 0.0848058 0.0568187 0.0390432 0.0271766 0.082746
 0.0184704 0.755408 0.0738191 0.0235565 0.0184401 0.0200807 0.0263312 0.0176415 0.0121224 0.0341297
 0.0308118 0.0915673 0.723605 0.0523411 0.0157261 0.0123104 0.0134056 0.0175784 0.0117773 0.0308774
 0.32791 0.117527 0.0686083 0.4047 0.0276137 0.00829662 0.00649462 0.00707244 0.00927386 0.0225034
 0.0340243 0.743627 0.0514248 0.0222702 0.123798 0.00844704 0.00253794 0.00198671 0.00216346 0.00972068
 0.0205784 0.165065 0.673452 0.0341471 0.0139098 0.0773234 0.00527595 0.00158518 0.00124088 0.00742274
 0.32973 0.0891743 0.128595 0.3783 0.0179818 0.0073249 0.0407185 0.00277832 0.000834755 0.00456226
 0.0236947 0.770512 0.0376438 0.0391298 0.107863 0.00512709 0.00208852 0.0116099 0.00079217 0.00153883
 0.0430012 0.117266 0.708429 0.0252677 0.0246754 0.068019 0.00323317 0.00131703 0.00732125 0.00146994
 0.0770141 0.222735 0.113247 0.499942 0.0167538 0.016361 0.0450999 0.00214375 0.000873255 0.00582899
 0.0818896 0.338027 0.182078 0.0677637 0.281262 0.00942548 0.00920453 0.0253727 0.00120605 0.00377061
 0.127118 0.325683 0.249359 0.0976336 0.0340868 0.141481 0.00474124 0.0046301 0.0127631 0.00250338
 0.0593803 0.440388 0.225522 0.129199 0.047699 0.0166531 0.0691209 0.00231634 0.00226204 0.00745844
 0.0213854 0.251778 0.394034 0.154518 0.0838497 0.0309564 0.0108078 0.044859 0.00150329 0.00630853
 0.0385293 0.107688 0.269649 0.324392 0.120596 0.0654421 0.0241605 0.00843513 0.0350111 0.00609688
 0.0275431 0.191876 0.113678 0.218447 0.249045 0.0925852 0.0502417 0.0185487 0.00647588 0.0315597
 0.0156316 0.143045 0.211168 0.0960512 0.174948 0.199453 0.074149 0.0402372 0.0148551 0.0304617
 0.0622842 0.0831491 0.160419 0.181379 0.0781586 0.142359 0.162298 0.0603363 0.0327417 0.036875
 0.0658627 0.273901 0.0772851 0.114306 0.122456 0.0527678 0.0961116 0.109574 0.0407353 0.0470008
 0.0535829 0.275361 0.242749 0.052565 0.0736761 0.0789291 0.0340115 0.0619488 0.0706259 0.0565504
 0.108781 0.218807 0.239261 0.162082 0.0332676 0.0466284 0.049953 0.0215254 0.0392065 0.0804879
 0.00795262 0.41158 0.176659 0.148649 0.0954788 0.0195972 0.0274677 0.0294261 0.0126801 0.0705091
 0.0139989 0.0419245 0.461647 0.15233 0.121516 0.0780508 0.01602 0.022454 0.0240549 0.0680045
 0.0175284 0.0798175 0.0506485 0.428054 0.133865 0.106786 0.0685897 0.0140781 0.0197321 0.0809001
 0.0210653 0.0992262 0.0952308 0.046309 0.370862 0.115979 0.0925183 0.0594254 0.0121971 0.0871867
 0.0355039 0.115531 0.113939 0.0835247 0.0384592 0.307998 0.0963198 0.0768357 0.0493523 0.0825375
 0.0237037 0.182906 0.124704 0.0940411 0.0652997 0.0300675 0.240793 0.0753029 0.0600702 0.103112
 0.0298178 0.12588 0.202975 0.105559 0.0753481 0.0523197 0.0240908 0.192929 0.0603345 0.130745
Wt.1
 0.192 0.285 0.425 0.463 0.509 0.582 0.625 0.659 0.673 0.713
 0.19 0.272 0.531 0.567 0.579 0.603 0.652 0.714 0.752 0.803
 0.146 0.376 0.541 0.6 0.617 0.635 0.67 0.706 0.769 0.777
 0.114 0.315 0.523 0.577 0.643 0.66 0.674 0.707 0.723 0.768
 0.152 0.34 0.541 0.606 0.666 0.743 0.737 0.722 0.719 0.775
 0.098 0.257 0.479 0.593 0.628 0.659 0.712 0.709 0.705 0.73
 0.098 0.162 0.338 0.525 0.625 0.657 0.696 0.715 0.705 0.716
 0.122 0.304 0.301 0.451 0.577 0.711 0.727 0.743 0.814 0.791
 0.103 0.258 0.391 0.394 0.483 0.621 0.74 0.743 0.82 0.77
 0.14 0.231 0.336 0.427 0.434 0.535 0.52 0.746 0.753 0.792
 0.112 0.232 0.355 0.426 0.473 0.506 0.601 0.697 0.759 0.775
 0.142 0.282 0.384 0.431 0.506 0.536 0.56 0.697 0.776 0.839
 0.133 0.222 0.334 0.449 0.487 0.527 0.609 0.57 0.644 0.774
 0.186 0.287 0.399 0.462 0.543 0.596 0.616 0.688 0.686 0.793
 0.18 0.269 0.375 0.419 0.476 0.52 0.575 0.627 0.64 0.653
 0.185 0.269 0.35 0.435 0.477 0.534 0.594 0.643 0.682 0.706
 0.158 0.231 0.315 0.396 0.486 0.519 0.591 0.643 0.701 0.675
 0.158 0.262 0.339 0.415 0.469 0.539 0.556 0.612 0.689 0.718
 0.191 0.246 0.352 0.474 0.481 0.55 0.585 0.644 0.69 0.77
 0.199 0.301 0.382 0.451 0.546 0.532 0.57 0.609 0.658 0.709
 0.147 0.25 0.373 0.482 0.535 0.56 0.592 0.604 0.656 0.684
 0.166 0.263 0.391 0.459 0.529 0.581 0.611 0.618 0.681 0.705
 0.199 0.23 0.321 0.442 0.53 0.585 0.614 0.674 0.693 0.747
 0.135 0.261 0.359 0.401 0.506 0.58 0.649 0.628 0.662 0.616
 0.138 0.22 0.344 0.43 0.471 0.563 0.599 0.645 0.708 0.693
 0.126 0.229 0.308 0.435 0.517 0.573 0.635 0.642 0.626 0.679
 0.171 0.224 0.341 0.387 0.479 0.5 0.606 0.695 0.545 0.679
 0.11 0.235 0.338 0.394 0.446 0.547 0.614 0.636 0.708 0.665
 0.181 0.249 0.304 0.387 0.419 0.451 0.537 0.567 0.465 0.521
 0.133 0.248 0.356 0.427 0.509 0.564 0.576 0.644 0.641 0.695
N.1
 0.756981 0.659426 0.744814 0.982683 0.658384 0.452411 0.314907 0.246652 0.345677 0.366487
 1.81084 0.61178 0.497025 0.544551 0.714052 0.478405 0.328738 0.228823 0.179226 0.517484
 18.3413 1.4637 0.461535 0.363841 0.396212 0.51954 0.348084 0.239188 0.16649 0.506922
 2.14658 14.7958 1.09031 0.332043 0.259925 0.28305 0.371154 0.248668 0.170873 0.481078
 3.47227 1.70816 10.1024 0.696329 0.209215 0.163774 0.178344 0.233857 0.156681 0.410783
 46.473 2.78286 1.22057 6.86608 0.468489 0.140759 0.110187 0.11999 0.157339 0.381788
 9.98378 37.1097 1.94256 0.803449 4.4663 0.304746 0.0915621 0.0716751 0.0780519 0.350696
 5.62757 7.91595 24.7585 1.20197 0.489623 2.72177 0.185713 0.0557981 0.0436789 0.26128
 92.552 4.40707 4.88 13.7497 0.653571 0.266232 1.47996 0.100981 0.0303401 0.165821
 12.9374 72.3608 2.68858 2.67162 7.36443 0.350056 0.142595 0.792674 0.054086 0.105065
 21.7879 10.2114 46.9 1.59901 1.56153 4.30442 0.204603 0.0833451 0.463308 0.0930216
 34.8301 17.2026 6.63207 27.9719 0.937377 0.915403 2.52335 0.119943 0.0488588 0.326133
 38.3192 27.5704 11.3563 4.04471 16.7881 0.562592 0.549403 1.51446 0.0719871 0.225061
 70.656 30.0828 17.2662 6.44411 2.24983 9.33819 0.312936 0.3056 0.8424 0.16523
 48.0144 56.5405 21.2858 11.5785 4.27465 1.4924 6.19441 0.207583 0.202717 0.668403
 21.1091 39.1135 44.8282 16.6782 9.05049 3.34134 1.16656 4.84195 0.162261 0.680924
 39.075 17.2547 31.6941 36.1869 13.4529 7.30025 2.69517 0.940964 3.90559 0.680125
 29.0313 31.8925 13.8493 25.2538 28.7911 10.7034 5.80824 2.14434 0.748651 3.64849
 16.3437 23.7122 25.7172 11.1054 20.2274 23.0606 8.57304 4.65219 1.71754 3.52195
 63.0398 13.3216 18.8692 20.2515 8.72662 15.8947 18.1211 6.73671 3.6557 4.1172
 78.2483 51.4145 10.6423 14.9387 16.0038 6.89624 12.5609 14.3202 5.32371 6.14255
 78.826 63.864 41.2619 8.47828 11.8833 12.7306 5.48577 9.99181 11.3913 9.12109
 203.711 64.3896 51.5288 33.1137 6.79663 9.52627 10.2055 4.39767 8.00995 16.4438
 20.4561 166.612 52.3708 41.8088 26.8542 5.51186 7.72552 8.27634 3.56638 19.8313
 35.3679 16.7212 135.02 42.2808 33.7281 21.6638 4.44653 6.23234 6.67669 18.8754
 40.0941 28.8757 13.4476 107.874 33.7353 26.9111 17.2853 3.54783 4.97269 20.3876
 43.5758 32.7108 23.1158 10.6764 85.5014 26.7388 21.3299 13.7004 2.81202 20.1007
 68.6033 35.4473 25.7007 17.8888 8.23696 65.965 20.6292 16.4562 10.57 17.6773
 45.2753 55.8844 28.1007 20.1337 13.9803 6.43728 51.5524 16.1219 12.8607 22.0756
 55.1327 36.7762 43.5021 21.4718 15.3265 10.6423 4.9003 39.2436 12.2726 26.5948
iM2.1
 0 0 0 0 0 0 0 0 0 0
M2.1
 0 0 0 0 0 0 0 0 0 0
 0 0 0 0 0 0 0 0 0 0
 0 0 0 0 0 0 0 0 0 0
 0 0 0 0 0 0 0 0 0 0
 0 0 0 0 0 0 0 0 0 0
 0 0 0 0 0 0 0 0 0 0
 0 0 0 0 0 0 0 0 0 0
 0 0 0 0 0 0 0 0 0 0
 0 0 0 0 0 0 0 0 0 0
 0 0 0 0 0 0 0 0 0 0
 0 0 0 0 0 0 0 0 0 0
 0 0 0 0 0 0 0 0 0 0
 0 0 0 0 0 0 0 0 0 0
 0 0 0 0 0 0 0 0 0 0
 0 0 0 0 0 0 0 0 0 0
 0 0 0 0 0 0 0 0 0 0
 0 0 0 0 0 0 0 0 0 0
 0 0 0 0 0 0 0 0 0 0
 0 0 0 0 0 0 0 0 0 0
 0 0 0 0 0 0 0 0 0 0
 0 0 0 0 0 0 0 0 0 0
 0 0 0 0 0 0 0 0 0 0
 0 0 0 0 0 0 0 0 0 0
 0 0 0 0 0 0 0 0 0 0
 0 0 0 0 0 0 0 0 0 0
 0 0 0 0 0 0 0 0 0 0
 0 0 0 0 0 0 0 0 0 0
 0 0 0 0 0 0 0 0 0 0
 0 0 0 0 0 0 0 0 0 0
 0 0 0 0 0 0 0 0 0 0
obs.totFIC.1
 0.628 0.169 0.352 2.332 1.025 0.557 2.864 2.794 1.443 8.52 4.704 3.698 3.322 5.264 8.7207 8.2562 10.2432 10.5673 10.5008 5.2216 10.0621 13.7449 19.5315 41.4519 10.6217 24.3 25.5236 7.1383 21.2678 11.617
 0.628 0.169 0.352 2.332 1.025 0.557 2.864 2.794 1.443 8.52 4.704 3.698 3.322 5.264 8.7207 8.2562 10.2432 10.5673 10.5008 5.2216 10.0621 13.7449 19.5315 41.4519 10.6217 24.3 25.5236 7.1383 21.2678 11.617
pred.totFIC.1
 0.33354 0.294324 0.426359 1.22244 0.955639 1.11829 3.06994 2.41667 2.20979 5.77781 4.36688 3.91882 4.26345 4.97523 7.54883 8.67329 8.34412 8.91692 8.74221 8.1702 10.3161 12.8992 15.9134 23.8198 20.4929 18.455 16.8961 15.8537 16.1833 15.2966
 0.334189 0.295486 0.431613 1.1762 0.92656 1.09377 2.92033 2.13597 2.01965 5.41309 3.9906 3.63909 3.8664 4.85796 7.85299 9.13004 8.72571 9.35492 9.08921 8.51788 10.7979 13.5455 16.7941 25.082 21.4484 19.254 17.4096 16.4413 16.592 15.993
toteps.1
 0.632778 -0.554781 -0.191651 0.645875 0.0700676 -0.696987 -0.0694398 0.145086 -0.426172 0.388392 0.0743644 -0.0579989 -0.249511 0.056419 0.144307 -0.0492838 0.205057 0.169814 0.183289 -0.44769 -0.0249281 0.0635052 0.204865 0.554017 -0.657179 0.275141 0.412518 -0.797929 0.273216 -0.275158
 0.630833 -0.558722 -0.203899 0.684437 0.100969 -0.674817 -0.0194791 0.268551 -0.336201 0.453596 0.164473 0.0160586 -0.151757 0.0802718 0.104805 -0.100605 0.16034 0.121861 0.144363 -0.489363 -0.0705743 0.0146112 0.150998 0.502385 -0.702749 0.232759 0.382581 -0.834321 0.248275 -0.319681
resid.totFIC.1
 0.631375 -0.552274 -0.191157 0.645486 0.0699968 -0.696087 -0.0694164 0.14503 -0.425932 0.388337 0.074348 -0.0579837 -0.249445 0.056408 0.144289 -0.049278 0.205034 0.169797 0.18327 -0.447621 -0.0249257 0.0635004 0.204853 0.553999 -0.657134 0.275128 0.412498 -0.797852 0.273202 -0.275137
 0.629436 -0.556201 -0.203376 0.684016 0.100866 -0.673937 -0.0194723 0.268441 -0.336003 0.453529 0.164435 0.0160542 -0.151715 0.080256 0.104792 -0.100594 0.160323 0.121849 0.144348 -0.489289 -0.0705675 0.0146102 0.15099 0.502369 -0.702702 0.232748 0.382562 -0.834242 0.248262 -0.319657
Age1CV.1
0.332074
obs.FIC.1.sp.1
 0.05 0.11 0.103 0.194 0.096 0.028 0.011 0.003 0.015 0.018
 0.011 0.004 0.007 0.013 0.05 0.014 0.01 0.006 0.006 0.048
 0.023 0.188 0.007 0.005 0.023 0.049 0.011 0.011 0.007 0.028
 0.336 0.137 0.429 0.048 0.046 0.161 0.404 0.23 0.139 0.402
 0.432 0.195 0.022 0.098 0.018 0.01 0.025 0.097 0.044 0.084
 0.236 0.287 0.022 0.002 0.004 0.001 0 0.001 0.002 0.002
 0.26 1.801 0.606 0.042 0.005 0.043 0.004 0.003 0.016 0.084
 0.338 0.085 1.851 0.235 0.028 0.011 0.047 0.003 0.01 0.186
 0.13 0.45 0.078 0.591 0.118 0.008 0.001 0.02 0 0.047
 1.484 1.795 0.874 0.372 2.945 0.497 0.143 0.016 0.138 0.256
 0.634 0.458 0.367 0.336 0.375 1.769 0.443 0.051 0.048 0.223
 1.583 1.641 0.071 0.284 0.009 0.011 0.067 0.009 0.005 0.018
 1.3 1.385 0.501 0.016 0.013 0.006 0 0.076 0.009 0.016
 1.67 0.889 1.484 0.537 0.24 0.114 0.058 0 0.269 0.003
 2.979 2.6422 0.5558 1.1593 0.7247 0.1156 0.1304 0.0199 0.0488 0.345
 1.207 2.6595 1.0091 0.3813 1.0544 0.7203 0.1492 0.133 0.3325 0.6099
 4.1386 1.7436 2.1139 0.8699 0.2815 0.6019 0.207 0.0512 0.0105 0.2251
 3.1701 3.4871 0.5893 1.1824 0.7122 0.2848 0.7191 0.2258 0.0655 0.131
 4.0058 3.2257 1.3258 0.1481 0.6175 0.4196 0.1927 0.28 0.1539 0.1317
 2.9998 1.1619 0.4485 0.2247 0.0254 0.1244 0.1149 0.0452 0.0702 0.0066
 5.6474 3.1195 0.6787 0.2863 0.1211 0.0171 0.0867 0.0634 0.0179 0.024
 4.9932 4.1347 2.9206 0.9221 0.4061 0.1784 0.0498 0.0819 0.0436 0.0145
 14.7693 2.4561 1.1156 0.7272 0.2514 0.1189 0.05 0 0.0236 0.0194
 12.4608 26.5956 1.7582 0.3622 0.2115 0.0375 0.0114 0.0093 0.0042 0.0012
 1.2662 2.977 5.7418 0.4438 0.1229 0.0494 0.0192 0.0014 0 0
 9.1159 8.3906 2.9148 3.2997 0.4028 0.1207 0.0555 0 0 0
 21.9188 3.006 0.3165 0.1166 0.1516 0.0121 0.002 0 0 0
 1.7745 3.7293 0.9319 0.1697 0.1354 0.3667 0.0258 0.005 0 0
 4.4389 9.5737 6.2724 0.6548 0.1372 0.0521 0.1267 0.012 0 0
 1.9963 6.9564 1.2098 1.2239 0.1565 0.0135 0.0224 0.032 0.0062 0
obs.sprop.1.sp.1
 0.0796178 0.175159 0.164013 0.308917 0.152866 0.044586 0.0175159 0.00477707 0.0238854 0.0286624
 0.0650888 0.0236686 0.0414201 0.0769231 0.295858 0.0828402 0.0591716 0.035503 0.035503 0.284024
 0.0653409 0.534091 0.0198864 0.0142045 0.0653409 0.139205 0.03125 0.03125 0.0198864 0.0795455
 0.144082 0.0587479 0.183962 0.0205832 0.0197256 0.0690395 0.173242 0.0986278 0.0596055 0.172384
 0.421463 0.190244 0.0214634 0.0956098 0.017561 0.0097561 0.0243902 0.0946341 0.0429268 0.0819512
 0.423698 0.51526 0.0394973 0.00359066 0.00718133 0.00179533 0 0.00179533 0.00359066 0.00359066
 0.0907821 0.628841 0.211592 0.0146648 0.00174581 0.015014 0.00139665 0.00104749 0.00558659 0.0293296
 0.120974 0.0304223 0.662491 0.0841088 0.0100215 0.00393701 0.0168218 0.00107373 0.0035791 0.0665712
 0.0900901 0.31185 0.0540541 0.409563 0.0817741 0.00554401 0.000693001 0.01386 0 0.032571
 0.174178 0.210681 0.102582 0.043662 0.345657 0.0583333 0.016784 0.00187793 0.0161972 0.0300469
 0.134779 0.0973639 0.0780187 0.0714286 0.0797194 0.376063 0.0941752 0.0108418 0.0102041 0.0474065
 0.428069 0.443753 0.0191996 0.0767983 0.00243375 0.00297458 0.0181179 0.00243375 0.00135208 0.0048675
 0.391331 0.416918 0.150813 0.00481638 0.00391331 0.00180614 0 0.0228778 0.00270921 0.00481638
 0.317249 0.168883 0.281915 0.102014 0.0455927 0.0216565 0.0110182 0 0.0511018 0.000569909
 0.341601 0.30298 0.0637334 0.132937 0.0831011 0.0132558 0.0149529 0.00228193 0.00559588 0.039561
 0.146193 0.322122 0.122223 0.0461835 0.12771 0.0872435 0.0180713 0.0161091 0.0402728 0.0738718
 0.404034 0.17022 0.206371 0.0849246 0.0274816 0.0587609 0.0202085 0.00499844 0.00102507 0.0219756
 0.299991 0.32999 0.0557664 0.111892 0.0673966 0.0269511 0.0680495 0.0213678 0.00619837 0.0123967
 0.381476 0.307186 0.126257 0.0141037 0.058805 0.0399589 0.018351 0.0266646 0.014656 0.0125419
 0.574498 0.222518 0.0858932 0.0430328 0.00486441 0.0238241 0.0220047 0.00865635 0.0134442 0.00126398
 0.561255 0.310025 0.0674511 0.0284533 0.0120353 0.00169945 0.00861649 0.00630087 0.00177895 0.00238519
 0.363277 0.300817 0.212486 0.0670867 0.0295455 0.0129794 0.00362316 0.00595857 0.00317209 0.00105494
 0.756178 0.125751 0.057118 0.0372322 0.0128715 0.0060876 0.00255997 0 0.0012083 0.000993267
 0.300609 0.641601 0.0424154 0.00873784 0.0051023 0.000904663 0.000275018 0.000224356 0.000101322 2.89492e-05
 0.119209 0.280275 0.540573 0.0417824 0.0115707 0.00465086 0.00180762 0.000131806 0 0
 0.37514 0.345292 0.119951 0.13579 0.0165761 0.00496708 0.00228395 0 0 0
 0.858766 0.117773 0.0124003 0.00456832 0.0059396 0.000474071 7.83589e-05 0 0 0
 0.248589 0.522435 0.130549 0.0237732 0.0189681 0.0513708 0.00361431 0.000700447 0 0
 0.208715 0.45015 0.294925 0.0307883 0.00645107 0.00244971 0.00595736 0.000564233 0 0
 0.171843 0.598812 0.10414 0.105354 0.0134716 0.00116209 0.00192821 0.00275458 0.000533701 0
pred.sprop.1.sp.1
 0.0148214 0.137548 0.15379 0.20249 0.135665 0.0932231 0.0648893 0.0508246 0.0712297 0.0755177
 0.0401817 0.144657 0.116349 0.127216 0.166814 0.111763 0.0767986 0.0534568 0.0418701 0.120893
 0.280763 0.237908 0.0741523 0.0583195 0.0635081 0.0832762 0.0557939 0.038339 0.0266864 0.0812536
 0.0114085 0.814777 0.0587185 0.0178018 0.0139353 0.0151751 0.0198987 0.0133318 0.00916102 0.025792
 0.0236626 0.122165 0.710545 0.0488107 0.0146653 0.0114801 0.0125014 0.0163927 0.0109829 0.0287947
 0.270308 0.168758 0.0725841 0.406694 0.0277497 0.0083375 0.00652662 0.00710728 0.00931955 0.0226143
 0.0211033 0.807487 0.0412208 0.0169627 0.0942942 0.00643391 0.00193309 0.00151323 0.00164786 0.00740401
 0.0150486 0.21312 0.64377 0.0310344 0.0126419 0.0702749 0.00479502 0.00144068 0.00112777 0.00674612
 0.270514 0.129307 0.138108 0.3863 0.0183621 0.00747981 0.0415796 0.00283707 0.000852408 0.00465875
 0.0145082 0.82857 0.0299159 0.0295553 0.0814706 0.00387257 0.00157749 0.00876912 0.000598337 0.0011623
 0.032331 0.154811 0.691115 0.0234279 0.0228787 0.0630662 0.00299775 0.00122113 0.00678816 0.00136291
 0.0576426 0.292203 0.109717 0.460283 0.0154247 0.0150631 0.0415222 0.00197369 0.000803981 0.00536659
 0.0581306 0.42296 0.168585 0.0596457 0.247567 0.00829632 0.00810184 0.0223331 0.00106157 0.00331889
 0.0924389 0.411903 0.232221 0.0863564 0.0301496 0.125139 0.0041936 0.00409529 0.0112889 0.00221422
 0.0416479 0.52996 0.19873 0.108013 0.0398774 0.0139224 0.0577865 0.00193651 0.00189111 0.00623541
 0.0159544 0.32141 0.367903 0.136842 0.0742579 0.0274152 0.00957145 0.0397275 0.00133132 0.00558688
 0.0306829 0.146915 0.269203 0.307212 0.11421 0.0619763 0.022881 0.00798841 0.0331569 0.00577399
 0.0213371 0.254498 0.11031 0.201071 0.229235 0.0852205 0.0462452 0.0170732 0.00596076 0.0290493
 0.0122437 0.192151 0.207673 0.0896154 0.163226 0.186089 0.0691806 0.0375411 0.0138597 0.0284206
 0.0505422 0.11566 0.163332 0.175191 0.0754921 0.137502 0.156761 0.0582778 0.0316246 0.035617
 0.0496977 0.354072 0.0731103 0.102574 0.109888 0.047352 0.0862472 0.0983277 0.0365544 0.0421769
 0.0400503 0.352364 0.227251 0.0466775 0.065424 0.0700886 0.0302021 0.0550102 0.0627154 0.0502165
 0.0839324 0.288741 0.230883 0.148347 0.0304483 0.0426769 0.0457197 0.0197012 0.0358839 0.073667
 0.00562966 0.498538 0.156508 0.124912 0.080232 0.0164677 0.0230815 0.0247271 0.0106552 0.0592497
 0.0113091 0.058008 0.467376 0.146292 0.116699 0.0749569 0.015385 0.0215639 0.0231014 0.0653088
 0.0142326 0.111065 0.0515809 0.413543 0.129327 0.103166 0.0662644 0.0136009 0.0190632 0.0781575
 0.0168792 0.13657 0.0960237 0.0443049 0.354812 0.11096 0.0885144 0.0568536 0.0116693 0.0834135
 0.0283343 0.158196 0.114246 0.0794563 0.0365859 0.292995 0.091628 0.073093 0.0469483 0.0785171
 0.0183012 0.242846 0.121358 0.086842 0.0603008 0.0277657 0.222359 0.0695382 0.0554716 0.095218
 0.0236151 0.170796 0.201535 0.0994244 0.0709689 0.0492789 0.0226907 0.181716 0.0568279 0.123146
obs.FIC.2.sp.1
 0.05 0.11 0.103 0.194 0.096 0.028 0.011 0.003 0.015 0.018
 0.011 0.004 0.007 0.013 0.05 0.014 0.01 0.006 0.006 0.048
 0.023 0.188 0.007 0.005 0.023 0.049 0.011 0.011 0.007 0.028
 0.336 0.137 0.429 0.048 0.046 0.161 0.404 0.23 0.139 0.402
 0.432 0.195 0.022 0.098 0.018 0.01 0.025 0.097 0.044 0.084
 0.236 0.287 0.022 0.002 0.004 0.001 0 0.001 0.002 0.002
 0.26 1.801 0.606 0.042 0.005 0.043 0.004 0.003 0.016 0.084
 0.338 0.085 1.851 0.235 0.028 0.011 0.047 0.003 0.01 0.186
 0.13 0.45 0.078 0.591 0.118 0.008 0.001 0.02 0 0.047
 1.484 1.795 0.874 0.372 2.945 0.497 0.143 0.016 0.138 0.256
 0.634 0.458 0.367 0.336 0.375 1.769 0.443 0.051 0.048 0.223
 1.583 1.641 0.071 0.284 0.009 0.011 0.067 0.009 0.005 0.018
 1.3 1.385 0.501 0.016 0.013 0.006 0 0.076 0.009 0.016
 1.67 0.889 1.484 0.537 0.24 0.114 0.058 0 0.269 0.003
 2.979 2.6422 0.5558 1.1593 0.7247 0.1156 0.1304 0.0199 0.0488 0.345
 1.207 2.6595 1.0091 0.3813 1.0544 0.7203 0.1492 0.133 0.3325 0.6099
 4.1386 1.7436 2.1139 0.8699 0.2815 0.6019 0.207 0.0512 0.0105 0.2251
 3.1701 3.4871 0.5893 1.1824 0.7122 0.2848 0.7191 0.2258 0.0655 0.131
 4.0058 3.2257 1.3258 0.1481 0.6175 0.4196 0.1927 0.28 0.1539 0.1317
 2.9998 1.1619 0.4485 0.2247 0.0254 0.1244 0.1149 0.0452 0.0702 0.0066
 5.6474 3.1195 0.6787 0.2863 0.1211 0.0171 0.0867 0.0634 0.0179 0.024
 4.9932 4.1347 2.9206 0.9221 0.4061 0.1784 0.0498 0.0819 0.0436 0.0145
 14.7693 2.4561 1.1156 0.7272 0.2514 0.1189 0.05 0 0.0236 0.0194
 12.4608 26.5956 1.7582 0.3622 0.2115 0.0375 0.0114 0.0093 0.0042 0.0012
 1.2662 2.977 5.7418 0.4438 0.1229 0.0494 0.0192 0.0014 0 0
 9.1159 8.3906 2.9148 3.2997 0.4028 0.1207 0.0555 0 0 0
 21.9188 3.006 0.3165 0.1166 0.1516 0.0121 0.002 0 0 0
 1.7745 3.7293 0.9319 0.1697 0.1354 0.3667 0.0258 0.005 0 0
 4.4389 9.5737 6.2724 0.6548 0.1372 0.0521 0.1267 0.012 0 0
 1.9963 6.9564 1.2098 1.2239 0.1565 0.0135 0.0224 0.032 0.0062 0
obs.sprop.2.sp.1
 0.0796178 0.175159 0.164013 0.308917 0.152866 0.044586 0.0175159 0.00477707 0.0238854 0.0286624
 0.0650888 0.0236686 0.0414201 0.0769231 0.295858 0.0828402 0.0591716 0.035503 0.035503 0.284024
 0.0653409 0.534091 0.0198864 0.0142045 0.0653409 0.139205 0.03125 0.03125 0.0198864 0.0795455
 0.144082 0.0587479 0.183962 0.0205832 0.0197256 0.0690395 0.173242 0.0986278 0.0596055 0.172384
 0.421463 0.190244 0.0214634 0.0956098 0.017561 0.0097561 0.0243902 0.0946341 0.0429268 0.0819512
 0.423698 0.51526 0.0394973 0.00359066 0.00718133 0.00179533 0 0.00179533 0.00359066 0.00359066
 0.0907821 0.628841 0.211592 0.0146648 0.00174581 0.015014 0.00139665 0.00104749 0.00558659 0.0293296
 0.120974 0.0304223 0.662491 0.0841088 0.0100215 0.00393701 0.0168218 0.00107373 0.0035791 0.0665712
 0.0900901 0.31185 0.0540541 0.409563 0.0817741 0.00554401 0.000693001 0.01386 0 0.032571
 0.174178 0.210681 0.102582 0.043662 0.345657 0.0583333 0.016784 0.00187793 0.0161972 0.0300469
 0.134779 0.0973639 0.0780187 0.0714286 0.0797194 0.376063 0.0941752 0.0108418 0.0102041 0.0474065
 0.428069 0.443753 0.0191996 0.0767983 0.00243375 0.00297458 0.0181179 0.00243375 0.00135208 0.0048675
 0.391331 0.416918 0.150813 0.00481638 0.00391331 0.00180614 0 0.0228778 0.00270921 0.00481638
 0.317249 0.168883 0.281915 0.102014 0.0455927 0.0216565 0.0110182 0 0.0511018 0.000569909
 0.341601 0.30298 0.0637334 0.132937 0.0831011 0.0132558 0.0149529 0.00228193 0.00559588 0.039561
 0.146193 0.322122 0.122223 0.0461835 0.12771 0.0872435 0.0180713 0.0161091 0.0402728 0.0738718
 0.404034 0.17022 0.206371 0.0849246 0.0274816 0.0587609 0.0202085 0.00499844 0.00102507 0.0219756
 0.299991 0.32999 0.0557664 0.111892 0.0673966 0.0269511 0.0680495 0.0213678 0.00619837 0.0123967
 0.381476 0.307186 0.126257 0.0141037 0.058805 0.0399589 0.018351 0.0266646 0.014656 0.0125419
 0.574498 0.222518 0.0858932 0.0430328 0.00486441 0.0238241 0.0220047 0.00865635 0.0134442 0.00126398
 0.561255 0.310025 0.0674511 0.0284533 0.0120353 0.00169945 0.00861649 0.00630087 0.00177895 0.00238519
 0.363277 0.300817 0.212486 0.0670867 0.0295455 0.0129794 0.00362316 0.00595857 0.00317209 0.00105494
 0.756178 0.125751 0.057118 0.0372322 0.0128715 0.0060876 0.00255997 0 0.0012083 0.000993267
 0.300609 0.641601 0.0424154 0.00873784 0.0051023 0.000904663 0.000275018 0.000224356 0.000101322 2.89492e-05
 0.119209 0.280275 0.540573 0.0417824 0.0115707 0.00465086 0.00180762 0.000131806 0 0
 0.37514 0.345292 0.119951 0.13579 0.0165761 0.00496708 0.00228395 0 0 0
 0.858766 0.117773 0.0124003 0.00456832 0.0059396 0.000474071 7.83589e-05 0 0 0
 0.248589 0.522435 0.130549 0.0237732 0.0189681 0.0513708 0.00361431 0.000700447 0 0
 0.208715 0.45015 0.294925 0.0307883 0.00645107 0.00244971 0.00595736 0.000564233 0 0
 0.171843 0.598812 0.10414 0.105354 0.0134716 0.00116209 0.00192821 0.00275458 0.000533701 0
pred.sprop.2.sp.1
 0.0155714 0.139555 0.153677 0.201719 0.135149 0.092868 0.0646421 0.050631 0.0709584 0.07523
 0.042134 0.146542 0.116104 0.126562 0.165957 0.111189 0.0764039 0.053182 0.0416549 0.120271
 0.291679 0.237501 0.0727495 0.0570153 0.0620878 0.0814138 0.0545461 0.0374816 0.0260896 0.0794365
 0.012385 0.819327 0.0571062 0.0171965 0.0134614 0.0146591 0.019222 0.0128785 0.00884949 0.0249149
 0.0255829 0.124713 0.707428 0.0483511 0.0145273 0.011372 0.0123837 0.0162384 0.0108795 0.0285236
 0.289174 0.168797 0.0705011 0.392686 0.0267939 0.00805031 0.00630181 0.00686247 0.00899854 0.0218353
 0.0231302 0.811859 0.039912 0.0162995 0.0906073 0.00618235 0.00185751 0.00145406 0.00158343 0.00711452
 0.0176425 0.221683 0.635572 0.0303174 0.0123498 0.0686513 0.00468424 0.0014074 0.00110171 0.00659026
 0.306444 0.129394 0.130918 0.362201 0.0172166 0.00701318 0.0389857 0.00266008 0.000799232 0.00436811
 0.0161094 0.833701 0.0288345 0.0282403 0.0778457 0.00370026 0.0015073 0.00837895 0.000571716 0.00111059
 0.0368104 0.159862 0.683891 0.0229841 0.0224453 0.0618715 0.00294096 0.001198 0.00665956 0.00133709
 0.0646665 0.299364 0.10804 0.449631 0.0150678 0.0147145 0.0405613 0.00192801 0.000785375 0.00524239
 0.0665025 0.432175 0.16397 0.0574372 0.2384 0.00798913 0.00780185 0.0215061 0.00102226 0.003196
 0.0991625 0.415498 0.228043 0.0843434 0.0294467 0.122222 0.00409584 0.00399983 0.0110257 0.00216261
 0.04231 0.531144 0.198 0.107488 0.0396835 0.0138547 0.0575055 0.00192709 0.00188192 0.00620509
 0.016045 0.321829 0.367683 0.136708 0.0741849 0.0273883 0.00956204 0.0396884 0.00133002 0.00558139
 0.0310385 0.147379 0.269069 0.306832 0.114068 0.0618995 0.0228526 0.00797852 0.0331158 0.00576684
 0.0215224 0.255068 0.110248 0.200844 0.228976 0.0851244 0.046193 0.017054 0.00595403 0.0290165
 0.0124491 0.193045 0.207549 0.0894669 0.162955 0.18578 0.0690659 0.0374789 0.0138368 0.0283735
 0.0512649 0.116106 0.163223 0.174914 0.0753728 0.137284 0.156514 0.0581857 0.0315747 0.0355607
 0.0502263 0.354836 0.0729993 0.102342 0.109639 0.047245 0.0860523 0.0981055 0.0364718 0.0420816
 0.040362 0.352925 0.227002 0.0466009 0.0653167 0.0699737 0.0301525 0.05492 0.0626125 0.0501341
 0.0842191 0.288922 0.230746 0.148223 0.0304229 0.0426413 0.0456816 0.0196848 0.0358539 0.0736054
 0.00565991 0.499056 0.156375 0.124759 0.0801336 0.0164475 0.0230531 0.0246968 0.0106422 0.059177
 0.0114322 0.0581988 0.467373 0.146194 0.116621 0.0749065 0.0153747 0.0215494 0.0230859 0.0652649
 0.0144282 0.111529 0.0515826 0.413211 0.129223 0.103083 0.0662111 0.0135899 0.0190479 0.0780947
 0.0173001 0.137565 0.0959934 0.0442231 0.354157 0.110755 0.0883509 0.0567486 0.0116477 0.0832595
 0.0288741 0.159033 0.11417 0.0793085 0.0365178 0.29245 0.0914576 0.0729571 0.046861 0.078371
 0.0188378 0.244702 0.121155 0.086534 0.060087 0.0276672 0.221571 0.0692916 0.0552749 0.0948803
 0.0238929 0.171348 0.201441 0.0993034 0.0708825 0.049219 0.022663 0.181495 0.0567588 0.122996
TCwt
 100
TSwt
 100 0
CPwt
 10
SPwt
 10 0
nBpen
 0
lBpen
 0
Bthres
 1e-07
Bwt
 1e+15
Ywt
 15
Rwt
 100
Rthres
 1
TCres
 3.82388
CPmulti
 705.177
CPideal
 504.246
TSresA
 423.198 0
TSresB
 422.483 0
SPmulti
 714.904 0
SPideal
 428.837 0
tYpen
 15.6921
tRpen
 0
Devs
 1.49157e-15
ofvsp
 1847.1
ofvsp_ideal
 914.02
