mgc
3.08937e-05
ofv
5132.35
ofv_ideal
1355.39
nsp
1
nf
510
nFIC
2
yrs
 1978 1979 1980 1981 1982 1983 1984 1985 1986 1987 1988 1989 1990 1991 1992 1993 1994 1995 1996 1997 1998 1999 2000 2001 2002 2003 2004 2005 2006 2007
nyr
 30
nage
 7
FICnseg
 1
M1nseg
1
M1yr
 1978
agePR
 1
ageFR
 3
ficFR
 4
FICfage
 1 1
FIClage
 7 7
FICs.lage
 1
Ft
 1.04973 1.09411 0.95229 1.34986 2.46638 1.75968 2.1475 1.64786 1.25674 1.37228 1.14306 0.96671 0.959304 0.774913 1.1462 1.08488 0.896435 0.857065 0.849365 0.852623 0.888538 0.886886 0.748105 0.835124 0.460322 0.67708 0.638819 0.472028 0.286666 0.197069
nFt
 30
nsel
 2
FICnsel
 3
obs.sumC
 0 0 0 0 0 0 0 0 0 0 0 0.000260995 0.000349802 0.000274817 0.000395119 0.000287707 0.000146568 0.000154075 8.26392e-05 0.000107297 0.000163684 0.000113806 9.86141e-05 8.82143e-05 3.96155e-05 4.13613e-05 4.03971e-05 3.05216e-05 3.33108e-05 2.94493e-05
obs.totc
 0.295726 0.246322 0.283289 0.35221 0.372249 0.378032 0.397368 0.414548 0.343926 0.302396 0.245731 0.272755 0.271931 0.26626 0.39663 0.3158 0.210381 0.165969 0.113882 0.0908248 0.0962511 0.111141 0.10487 0.138149 0.0831418 0.107497 0.0855051 0.0604648 0.0413817 0.0376471
pred.totc
 0.284406 0.248138 0.278625 0.402705 0.419568 0.297546 0.36311 0.361758 0.342227 0.324093 0.234892 0.247635 0.27236 0.27292 0.376621 0.301628 0.213103 0.166955 0.118802 0.0878923 0.0945961 0.109148 0.10462 0.141567 0.0852817 0.119575 0.0970323 0.0664432 0.043034 0.0380099
resid.totc
 0.0388955 -0.00731857 0.0165436 -0.133621 -0.11936 0.238695 0.089921 0.135862 0.00493929 -0.0690726 0.044923 0.0962482 -0.00157095 -0.0246132 0.0516321 0.0457664 -0.0127954 -0.00588757 -0.0419381 0.0324565 0.0171644 0.0179313 0.00237047 -0.0242707 -0.0251133 -0.105552 -0.125094 -0.0928211 -0.0382458 -0.0093432
Age1
 0.204443 -0.294246 -0.589339 0.598278 -0.114526 0.704246 0.34126 -0.842086 -0.292043 -0.184839 -0.224598 -0.280627 -0.309526 -0.654108 -1.04365 -1.65764 -2.09674 -1.77905 -1.16855 -0.871565 -0.939742 -2.06767 -1.98195 -1.91418 -2.37965 -2.75053 -2.2061 -2.14764 -2.18102
Yr1
 -0.277634 -1.24152 -2.44201 -3.66041 -4.39353 -5.58129 -3.872
FICmonth.1
 4 10
sel.1
 0.129139 0.734327 1 1 1 1 1
FICsel.1
 0.00922707 0.12412 0.561206 1 1 1 1
FIC.q.1
 40.8452
 99.4434
FIC.yr.1
 0
M1.1
 0.2 0.2 0.2 0.2 0.2 0.2 0.2
obs.CAA.1
 0 0 0 0 0 0 0
 0 0 0 0 0 0 0
 0 0 0 0 0 0 0
 0 0 0 0 0 0 0
 0 0 0 0 0 0 0
 0 0 0 0 0 0 0
 0 0 0 0 0 0 0
 0 0 0 0 0 0 0
 0 0 0 0 0 0 0
 0 0 0 0 0 0 0
 0 0 0 0 0 0 0
 1.69036e-05 7.46777e-05 0.000108005 3.19557e-05 1.85837e-05 8.33181e-06 2.53726e-06
 1.15055e-05 0.000161411 0.000117657 4.29874e-05 1.05384e-05 3.23489e-06 2.46785e-06
 1.55899e-05 0.000114737 8.41402e-05 4.2848e-05 1.16033e-05 3.75973e-06 2.13916e-06
 7.1445e-06 0.00011491 0.000151608 9.65295e-05 1.33133e-05 6.42061e-06 5.19314e-06
 4.03682e-05 7.48735e-05 7.1026e-05 7.58201e-05 1.89932e-05 5.52696e-06 1.09928e-06
 3.43334e-06 2.7082e-05 5.46375e-05 3.75892e-05 1.47989e-05 6.83709e-06 2.19024e-06
 2.12083e-06 5.52562e-05 5.81795e-05 2.30999e-05 8.8559e-06 4.213e-06 2.35011e-06
 1.07561e-05 1.76035e-05 2.00707e-05 1.41382e-05 1.07838e-05 6.57011e-06 2.71675e-06
 3.55157e-05 2.53377e-05 2.35968e-05 6.96386e-06 7.87452e-06 4.33902e-06 3.66942e-06
 8.65588e-05 4.40677e-05 1.43188e-05 4.88493e-06 4.00616e-06 4.54893e-06 5.29846e-06
 9.36551e-06 2.97903e-05 5.26063e-05 6.99922e-06 5.87835e-06 3.76115e-06 5.40509e-06
 4.31467e-07 4.31467e-05 3.37263e-05 5.84877e-06 5.36936e-06 3.25997e-06 6.83155e-06
 6.90974e-08 3.57003e-06 4.14815e-05 2.89518e-05 6.31089e-06 4.09978e-06 3.73126e-06
 5.17013e-06 3.93283e-06 6.67256e-06 9.30181e-06 8.32965e-06 4.35263e-06 1.85594e-06
 9.30893e-07 7.87028e-06 1.01764e-05 4.73909e-06 5.09875e-06 6.30468e-06 6.24121e-06
 1.65794e-06 1.32433e-05 9.76566e-06 3.5585e-06 3.29566e-06 3.29566e-06 5.58038e-06
 4.91662e-06 7.86659e-06 5.32152e-06 3.5284e-06 3.20062e-06 2.56435e-06 3.1235e-06
 3.41179e-06 1.62885e-05 6.1082e-06 2.0911e-06 1.92601e-06 1.76092e-06 1.72424e-06
 1.89715e-06 1.24794e-05 7.39715e-06 3.04588e-06 1.87975e-06 1.49683e-06 1.25316e-06
obs.cprop.1
 0 0 0 0 0 0 0
 0 0 0 0 0 0 0
 0 0 0 0 0 0 0
 0 0 0 0 0 0 0
 0 0 0 0 0 0 0
 0 0 0 0 0 0 0
 0 0 0 0 0 0 0
 0 0 0 0 0 0 0
 0 0 0 0 0 0 0
 0 0 0 0 0 0 0
 0 0 0 0 0 0 0
 0.0647662 0.286127 0.41382 0.122438 0.0712034 0.0319233 0.00972149
 0.0328916 0.461436 0.336352 0.122891 0.0301268 0.00924778 0.00705501
 0.0567284 0.417502 0.306168 0.155915 0.042222 0.0136809 0.00778394
 0.0180819 0.290824 0.383702 0.244305 0.0336944 0.0162498 0.0131432
 0.14031 0.260242 0.246869 0.263532 0.0660157 0.0192104 0.00382084
 0.0234249 0.184774 0.372779 0.256462 0.100969 0.0466478 0.0149435
 0.0137649 0.358631 0.377604 0.149926 0.0574777 0.0273438 0.015253
 0.130158 0.213016 0.242872 0.171084 0.130493 0.0795035 0.0328749
 0.331003 0.236146 0.21992 0.0649026 0.0733899 0.0404393 0.0341987
 0.528817 0.269225 0.0874783 0.0298437 0.024475 0.0277909 0.0323701
 0.0822937 0.261764 0.462246 0.0615014 0.0516524 0.0330488 0.047494
 0.0043753 0.43753 0.342003 0.0593097 0.0544482 0.0330579 0.0692756
 0.00078329 0.04047 0.470235 0.328198 0.0715405 0.0464752 0.0422977
 0.130508 0.099275 0.168433 0.234802 0.210262 0.109872 0.0468489
 0.0225064 0.190281 0.246036 0.114578 0.123274 0.15243 0.150895
 0.041041 0.327828 0.241742 0.0880881 0.0815816 0.0815816 0.138138
 0.161087 0.257738 0.174352 0.115603 0.104864 0.0840177 0.102337
 0.102423 0.488987 0.18337 0.0627753 0.0578194 0.0528634 0.0517621
 0.0644208 0.423759 0.251182 0.103428 0.0638298 0.0508274 0.0425532
pred.cprop.1
 0.273108 0.446165 0.163176 0.0482518 0.0231806 0.00706782 0.0390502
 0.285155 0.533334 0.130408 0.0297042 0.00878362 0.00421973 0.00839519
 0.127033 0.652548 0.182118 0.0275173 0.00626785 0.00185342 0.00266186
 0.117123 0.453755 0.353486 0.0624936 0.0094425 0.0021508 0.00154941
 0.466331 0.306962 0.145524 0.0668736 0.0118228 0.00178636 0.000700019
 0.174526 0.769305 0.0416812 0.00929983 0.00427361 0.000755542 0.000158894
 0.411253 0.395532 0.185818 0.00548877 0.00122464 0.000562769 0.000120417
 0.213034 0.706958 0.0642084 0.0151949 0.000448836 0.000100143 5.58664e-05
 0.0742137 0.653149 0.256461 0.0129815 0.00307208 9.07446e-05 3.15417e-05
 0.2013 0.320348 0.38253 0.0901363 0.00456251 0.00107972 4.2979e-05
 0.217402 0.560651 0.118235 0.0829367 0.0195425 0.000989201 0.000243413
 0.174763 0.561712 0.212092 0.0273992 0.0192193 0.00452867 0.000285639
 0.153241 0.513103 0.257362 0.0614037 0.00793247 0.00556426 0.00139381
 0.14301 0.488964 0.260748 0.0827478 0.0197427 0.00255047 0.00223718
 0.110706 0.48415 0.271667 0.0945692 0.0300113 0.00716039 0.00173641
 0.103499 0.458112 0.289878 0.099583 0.0346656 0.0110011 0.00326124
 0.0765541 0.448115 0.298517 0.116915 0.0401643 0.0139815 0.00575234
 0.0706328 0.359255 0.339675 0.144719 0.0566797 0.0194714 0.00956685
 0.134168 0.322434 0.268776 0.163621 0.069711 0.0273025 0.0139877
 0.234146 0.419935 0.16579 0.089096 0.0542384 0.0231084 0.0136872
 0.22116 0.53752 0.157646 0.0401025 0.0215513 0.0131196 0.00890042
 0.160018 0.557976 0.219031 0.0411396 0.0104652 0.00562406 0.00574639
 0.0517673 0.539947 0.308427 0.0775588 0.0145675 0.00370574 0.00402628
 0.0813798 0.251044 0.446299 0.167157 0.0420344 0.00789514 0.00419051
 0.106669 0.365812 0.194049 0.222937 0.0834992 0.0209972 0.00603708
 0.0697804 0.403949 0.264444 0.0963131 0.110651 0.0414435 0.013418
 0.0620412 0.320945 0.330972 0.143732 0.0523488 0.0601419 0.0298187
 0.12656 0.275506 0.261878 0.180263 0.0782837 0.0285117 0.0489969
 0.112398 0.427785 0.184858 0.120425 0.0828941 0.0359988 0.0356423
 0.085949 0.376674 0.305733 0.0931268 0.0606668 0.04176 0.036091
Wt.1
 0.1406 0.2914 0.7808 1.693 3.0264 4.2586 10.5647
 0.1406 0.2914 0.7808 1.693 3.0264 4.2586 10.6771
 0.1406 0.2914 0.7808 1.693 3.0264 4.2586 10.6504
 0.1406 0.2914 0.7808 1.693 3.0264 4.2586 10.6703
 0.1406 0.2914 0.7808 1.693 3.0264 4.2586 10.7945
 0.1406 0.2914 0.7808 1.693 3.0264 4.2586 10.8337
 0.1406 0.2914 0.7808 1.693 3.0264 4.2586 10.6418
 0.1406 0.2914 0.7808 1.693 3.0264 4.2586 11.1496
 0.1406 0.2914 0.7808 1.693 3.0264 4.2586 11.1269
 0.1406 0.2914 0.7808 1.693 3.0264 4.2586 11.016
 0.1406 0.2914 0.7808 1.693 3.0264 4.2586 10.9761
 0.101 0.37 0.738 1.77 2.944 4.052 9.86306
 0.142 0.287 0.713 1.731 3.072 4.203 11.1982
 0.174 0.302 0.865 1.606 2.667 3.582 10.043
 0.192 0.271 0.696 1.547 3.318 5.017 10.4749
 0.094 0.227 0.892 1.811 3.131 4.439 11.1647
 0.103 0.4 0.759 1.804 2.912 4.34 10.4348
 0.124 0.445 0.927 1.665 2.464 3.176 8.6708
 0.083 0.304 0.781 1.746 2.696 3.585 7.90017
 0.107 0.249 0.552 1.739 2.637 3.519 7.23099
 0.105 0.216 0.708 1.752 2.806 3.912 8.43408
 0.155 0.286 0.513 1.724 2.534 3.67 6.96928
 0.175 0.287 0.449 1.71 2.594 3.321 6.6997
 0.207 0.431 0.768 1.397 3.075 4.706 7.85583
 0.127 0.398 0.958 1.97 3.137 4.292 6.94141
 0.15 0.351 0.656 1.96 3.387 4.873 7.05929
 0.156 0.329 0.67 1.936 3.436 4.843 7.53138
 0.12 0.297 0.68 2.035 3.319 4.562 7.98718
 0.149 0.255 0.59 1.842 3.548 4.672 9.47959
 0.147 0.312 0.63 1.657 3.457 4.661 10.7579
N.1
 0.757574 0.288945 0.0869854 0.0257219 0.012357 0.00376769 0.0208167
 1.22684 0.541618 0.109442 0.0249285 0.00737144 0.0035413 0.00704547
 0.745093 0.872102 0.198567 0.0300025 0.00683394 0.00202082 0.00290227
 0.554694 0.53944 0.354821 0.0627297 0.00947818 0.00215893 0.00155527
 1.81898 0.381495 0.163906 0.0753209 0.0133162 0.00201201 0.000788443
 0.891788 1.08304 0.0510581 0.011392 0.00523504 0.000925515 0.00019464
 2.02232 0.581718 0.243556 0.00719427 0.00160517 0.000737635 0.000157834
 1.40672 1.25473 0.0983976 0.0232858 0.000687828 0.000153467 8.56137e-05
 0.430811 0.930956 0.306313 0.0155049 0.00366925 0.000108384 3.7673e-05
 0.746737 0.299878 0.302885 0.0713693 0.00361257 0.000854914 3.40305e-05
 0.831238 0.512089 0.0896282 0.0628701 0.0148142 0.000749863 0.000184519
 0.798837 0.587163 0.181113 0.0233971 0.016412 0.00386719 0.000243917
 0.75531 0.577274 0.236376 0.0563967 0.00728563 0.00511054 0.00128016
 0.733795 0.546342 0.233662 0.0741521 0.0176919 0.00228553 0.00200479
 0.519905 0.54357 0.253206 0.088143 0.027972 0.00667382 0.00161842
 0.352166 0.367098 0.191803 0.0658911 0.0229372 0.00727907 0.00215786
 0.190589 0.250636 0.1355 0.0530687 0.0182309 0.00634633 0.00261104
 0.122857 0.138983 0.106243 0.045265 0.0177281 0.00609022 0.0029923
 0.168799 0.0900476 0.0606419 0.0369166 0.0157284 0.00616007 0.00315594
 0.310817 0.123844 0.0395129 0.0212344 0.0129267 0.00550746 0.00326209
 0.418296 0.227943 0.0542128 0.0137908 0.00741125 0.0045117 0.00306076
 0.390729 0.305346 0.0971853 0.0182539 0.00464349 0.00249543 0.00254971
 0.126481 0.285283 0.130344 0.0327772 0.0061564 0.00156609 0.00170155
 0.1378 0.0940174 0.134845 0.0505052 0.0127003 0.00238545 0.00126613
 0.147462 0.101287 0.0416885 0.0478947 0.0179385 0.00451093 0.00129697
 0.0925832 0.113764 0.0591413 0.0215398 0.0247465 0.00926858 0.00300086
 0.0638939 0.0694544 0.056652 0.0246025 0.00896048 0.0102944 0.00510403
 0.110129 0.0481696 0.0355723 0.0244862 0.0106337 0.0038729 0.00665553
 0.116759 0.084834 0.0278854 0.0181658 0.0125044 0.00543034 0.00537658
 0.112926 0.0921201 0.0562716 0.0171404 0.011166 0.00768611 0.00664271
iM2.1
 0 0 0 0 0 0 0
M2.1
 0 0 0 0 0 0 0
 0 0 0 0 0 0 0
 0 0 0 0 0 0 0
 0 0 0 0 0 0 0
 0 0 0 0 0 0 0
 0 0 0 0 0 0 0
 0 0 0 0 0 0 0
 0 0 0 0 0 0 0
 0 0 0 0 0 0 0
 0 0 0 0 0 0 0
 0 0 0 0 0 0 0
 0 0 0 0 0 0 0
 0 0 0 0 0 0 0
 0 0 0 0 0 0 0
 0 0 0 0 0 0 0
 0 0 0 0 0 0 0
 0 0 0 0 0 0 0
 0 0 0 0 0 0 0
 0 0 0 0 0 0 0
 0 0 0 0 0 0 0
 0 0 0 0 0 0 0
 0 0 0 0 0 0 0
 0 0 0 0 0 0 0
 0 0 0 0 0 0 0
 0 0 0 0 0 0 0
 0 0 0 0 0 0 0
 0 0 0 0 0 0 0
 0 0 0 0 0 0 0
 0 0 0 0 0 0 0
 0 0 0 0 0 0 0
obs.totFIC.1
 3.22 5.26 10.38 17.09 6.056 3.2248 2.7527 4.3281 8.2425 7.1448 4.5176 3.6502 11.1101 8.4158 7.5934 7.9265 4.5857 4.3768 2.8722 1.875 2.247 3.3067 5.1858 4.8091 5.129 5.0657 4.9113 3.7791 2.5592 2.2966
 7.72118 5.51373 10.6547 8.53549 1.9574 8.2161 5.318 9.0553 13.566 7.5276 8.1178 11.4649 12.116 13.0345 10.0176 11.1912 8.0792 8.3656 4.4924 4.69 4.3729 5.3336 7.4508 5.7308 6.5427 4.5477 3.5227 3.2831 4.681 6.2926
pred.totFIC.1
 4.31725 5.14553 7.78997 8.72484 4.64636 4.6167 5.01499 6.19009 8.1962 7.21035 5.48031 6.49802 8.0468 9.10094 9.07156 6.93382 5.44887 4.35798 3.16787 2.45467 2.6939 3.64331 4.60469 4.53328 3.59505 3.28628 2.79754 2.38366 2.39968 3.11134
 6.02639 7.27213 11.4418 10.3575 3.94174 5.32948 4.93789 7.39113 10.4484 8.4484 7.41541 9.42939 11.5547 14.1065 11.8046 9.23636 7.88079 6.37392 4.66057 3.68117 4.05444 5.44571 7.182 6.66937 6.35863 5.24504 4.52897 4.18517 4.61857 6.24009
toteps.1
 -0.293238 0.0220028 0.287043 0.67232 0.264966 -0.358808 -0.599849 -0.35782 0.00563302 -0.00913322 -0.193181 -0.576715 0.32258 -0.078267 -0.177865 0.133801 -0.172466 0.00430898 -0.0979801 -0.269382 -0.181394 -0.0969408 0.118849 0.0590652 0.355353 0.432736 0.562799 0.460848 0.0643597 -0.303625
 0.24782 -0.276808 -0.0712744 -0.19348 -0.700006 0.432842 0.0741594 0.203069 0.261123 -0.115401 0.0904992 0.195458 0.0474358 -0.0790378 -0.164146 0.19198 0.0248646 0.271913 -0.0367512 0.242201 0.0756133 -0.0208026 0.0367434 -0.151671 0.0285367 -0.14266 -0.251267 -0.24276 0.0134258 0.00838009
resid.totFIC.1
 -0.293159 0.0219986 0.287011 0.672263 0.264916 -0.358715 -0.599685 -0.357751 0.00563233 -0.00913194 -0.193142 -0.576595 0.322546 -0.0782581 -0.177843 0.133783 -0.172432 0.00430799 -0.0979476 -0.269256 -0.18132 -0.0969129 0.118825 0.0590525 0.35527 0.432629 0.562646 0.460693 0.0643337 -0.303511
 0.247784 -0.276764 -0.071268 -0.193459 -0.699749 0.432776 0.0741449 0.203044 0.261101 -0.115387 0.0904875 0.19544 0.0474318 -0.0790319 -0.16413 0.191961 0.0248615 0.271875 -0.0367431 0.242143 0.0755953 -0.0207988 0.0367384 -0.151646 0.0285323 -0.142631 -0.251204 -0.242695 0.0134229 0.00837875
Age1CV.1
-0.968461
obs.FIC.1.sp.1
 0.06888 1.27662 1.9859 0.82958 0.5213 0.15594 0.0826
 0.06888 1.27662 1.9859 0.82958 0.5213 0.15594 0.0826
 0.06888 1.27662 1.9859 0.82958 0.5213 0.15594 0.0826
 0.06888 1.27662 1.9859 0.82958 0.5213 0.15594 0.0826
 0.0559 0.8951 2.7397 0.808 1.1785 0.2447 0.1341
 0.0658 1.0135 1.2366 0.5966 0.1495 0.0854 0.0774
 0.0193 0.4363 1.0334 0.594 0.4108 0.1602 0.0987
 0.0605 0.819 1.7399 1.1089 0.4023 0.11 0.0875
 0.1429 3.2192 3.1799 1.0404 0.4654 0.1794 0.0153
 0.0196 1.329 4.1538 1.1008 0.3596 0.1181 0.0639
 0.1813 1.6423 1.2877 0.8169 0.3738 0.1099 0.1057
 0.0663 1.2371 1.5201 0.2697 0.3827 0.154 0.0203
 0.0706 1.7355 2.3733 4.377 1.8403 0.2864 0.427
 0.2341 2.7823 2.439 1.755 0.8637 0.2549 0.0868
 0 0.8169 2.5201 3.8107 0.3157 0.0879 0.0421
 0.0362 2.0586 3.1199 2.2549 0.4293 0.0276 0
 0.0335 1.6935 1.8829 0.6658 0.1965 0.0831 0.0304
 0.1134 0.8956 2.1134 0.7609 0.2467 0.1499 0.0969
 0.2441 0.478 1.0302 0.5293 0.4181 0.0978 0.0747
 0.036 0.6734 0.8669 0.2508 0.0479 0 0
 0.0127 1.1398 0.8587 0.1591 0.0641 0.0126 0
 0.0417 0.5923 1.5783 0.6007 0.3522 0.0832 0.0583
 0.1057 1.5878 2.4689 0.6951 0.2369 0.079 0.0124
 0.0426 0.5178 2.0788 1.4451 0.4426 0.1839 0.0983
 0.038 1.4163 0.9713 1.4177 1.0753 0.1328 0.0776
 0.0226 1.3396 1.612 0.7166 0.7947 0.4727 0.1075
 0.0472 1.1934 1.9781 0.8486 0.511 0.1617 0.1713
 0.1077 0.9615 1.057 0.8013 0.4092 0.125 0.3174
 0.1642 1.3036 0.6817 0.2006 0.1273 0.0471 0.0347
 0.0341 0.4589 0.9053 0.5339 0.1993 0.0937 0.0714
obs.sprop.1.sp.1
 0.0139977 0.259432 0.403571 0.168586 0.105938 0.0316898 0.0167858
 0.0139977 0.259432 0.403571 0.168586 0.105938 0.0316898 0.0167858
 0.0139977 0.259432 0.403571 0.168586 0.105938 0.0316898 0.0167858
 0.0139977 0.259432 0.403571 0.168586 0.105938 0.0316898 0.0167858
 0.00923052 0.147804 0.452394 0.133421 0.1946 0.0404062 0.0221433
 0.0204044 0.314283 0.383466 0.185004 0.0463595 0.0264823 0.0240015
 0.0070113 0.158499 0.375413 0.215788 0.149235 0.0581974 0.0358557
 0.0139784 0.189229 0.402001 0.256209 0.0929507 0.0254153 0.0202167
 0.017337 0.390561 0.385793 0.126224 0.0564635 0.0217652 0.00185623
 0.00274325 0.186009 0.581374 0.15407 0.0503303 0.0165295 0.00894357
 0.0401319 0.363534 0.285041 0.180826 0.082743 0.0243271 0.0233974
 0.0181634 0.338913 0.416443 0.0738864 0.104844 0.0421895 0.00556134
 0.00635458 0.156209 0.213616 0.393966 0.165642 0.0257783 0.0384335
 0.0278167 0.330604 0.289812 0.208536 0.102628 0.0302883 0.0103139
 0 0.10758 0.33188 0.501844 0.0415756 0.0115758 0.00554429
 0.00456696 0.259711 0.393604 0.284476 0.0541601 0.00348199 0
 0.00730532 0.3693 0.410603 0.14519 0.0428506 0.0181216 0.0066293
 0.0259093 0.204624 0.482864 0.173848 0.0563654 0.0342488 0.0221395
 0.0849871 0.166423 0.35868 0.184284 0.145568 0.0340506 0.0260079
 0.0192 0.359147 0.462347 0.13376 0.0255467 0 0
 0.00565198 0.507254 0.382154 0.0708055 0.0285269 0.00560748 0
 0.0126108 0.179121 0.477304 0.181661 0.106511 0.025161 0.0176309
 0.0203826 0.306182 0.476089 0.134039 0.0456824 0.0152339 0.00239115
 0.00885821 0.107671 0.432264 0.300493 0.0920339 0.03824 0.0204404
 0.00740885 0.276136 0.189374 0.276409 0.209651 0.025892 0.0151297
 0.00446138 0.264445 0.318219 0.141461 0.156879 0.0933139 0.0212212
 0.00961049 0.242991 0.402765 0.172785 0.104046 0.0329241 0.0348787
 0.0284988 0.254426 0.279696 0.212035 0.10828 0.0330767 0.0839883
 0.0641607 0.509378 0.266372 0.0783839 0.0497421 0.0184042 0.0135589
 0.014848 0.199817 0.394191 0.232474 0.0867805 0.0407994 0.0310894
pred.sprop.1.sp.1
 0.059135 0.245498 0.304499 0.160443 0.077078 0.0235013 0.129846
 0.0801966 0.381931 0.316719 0.128548 0.0380121 0.0182613 0.0363311
 0.0323686 0.420562 0.397945 0.10714 0.0244042 0.00721641 0.0103641
 0.0211501 0.210727 0.556097 0.175183 0.0264694 0.00602916 0.00434334
 0.124125 0.212921 0.332467 0.272236 0.0481293 0.00727211 0.00284971
 0.0631372 0.72324 0.131918 0.0524466 0.0241011 0.00426089 0.000896087
 0.129624 0.325225 0.509045 0.0267931 0.00597802 0.00274712 0.000587808
 0.0746373 0.642259 0.19681 0.082991 0.00245143 0.000546958 0.000305129
 0.0175562 0.396051 0.527147 0.047546 0.0112518 0.00033236 0.000115524
 0.0344198 0.140974 0.570129 0.239378 0.0121168 0.00286745 0.000114141
 0.05091 0.335011 0.239594 0.29947 0.0705645 0.00357183 0.00087892
 0.0415773 0.338255 0.433045 0.0996838 0.0699236 0.0164762 0.00103921
 0.0317556 0.269037 0.457527 0.194511 0.025128 0.0176262 0.00441524
 0.027495 0.235523 0.425237 0.240461 0.0573714 0.00741156 0.00650115
 0.0192338 0.214663 0.408482 0.253375 0.0804082 0.0191845 0.00465229
 0.0170901 0.192536 0.413182 0.252924 0.0880446 0.0279408 0.00828298
 0.0118654 0.175176 0.395521 0.276025 0.0948239 0.0330089 0.0135807
 0.00957949 0.12263 0.392872 0.298258 0.116813 0.0401294 0.0197167
 0.0181124 0.109508 0.309285 0.335494 0.142938 0.055982 0.0286808
 0.0430353 0.194212 0.259793 0.248774 0.151445 0.0645234 0.0382175
 0.0526919 0.322865 0.320924 0.145468 0.0781753 0.0475903 0.0322855
 0.0363958 0.319925 0.425623 0.142449 0.0362366 0.0194737 0.0198973
 0.00937756 0.24467 0.473046 0.211963 0.0398121 0.0101275 0.0110036
 0.0103389 0.080177 0.482878 0.322267 0.0810391 0.0152212 0.00807898
 0.0141782 0.119384 0.213296 0.436649 0.163543 0.0411255 0.0118243
 0.00964765 0.139109 0.307949 0.199852 0.229604 0.0859961 0.0278427
 0.00783417 0.100704 0.350971 0.27159 0.0989156 0.113641 0.056344
 0.0159619 0.0853849 0.273429 0.335376 0.145645 0.0530453 0.0911577
 0.0169446 0.156305 0.226483 0.2629 0.180967 0.0785892 0.0778111
 0.0126886 0.13381 0.363181 0.197121 0.128413 0.0883931 0.0763936
obs.FIC.2.sp.1
 1.07762 2.59508 2.33118 1.05704 0.32772 0.14314 0.09078
 1.07762 2.59508 2.33118 1.05704 0.32772 0.14314 0.09078
 1.07762 2.59508 2.33118 1.05704 0.32772 0.14314 0.09078
 1.07762 2.59508 2.33118 1.05704 0.32772 0.14314 0.09078
 0.317 0.5152 0.7349 0.2107 0.1048 0.0577 0.0171
 0.5652 2.8285 2.6364 1.6096 0.244 0.2413 0.0911
 0.3774 1.0913 2.1531 1.1271 0.3589 0.1357 0.0745
 2.9641 1.8769 2.0345 1.4613 0.4341 0.1397 0.1447
 1.1644 6.6635 4.097 0.8765 0.4968 0.1413 0.1265
 0.5314 1.6312 3.7002 1.0633 0.2483 0.1572 0.196
 0.5094 3.7547 2.0666 1.2842 0.3477 0.1104 0.0448
 3.0347 3.2924 3.4743 0.8438 0.4093 0.341 0.0694
 1.8051 4.8687 3.6504 1.4762 0.2934 0.0222 0
 1.1341 5.8094 4.318 1.3777 0.3326 0.0431 0.0196
 0.4136 2.3525 5.5875 1.2894 0.1618 0.1287 0.0841
 1.4687 2.6703 4.1235 2.3872 0.4213 0.1202 0
 0.9621 2.8374 2.9629 0.9868 0.2072 0.1024 0.0204
 0.5332 3.9421 2.8394 0.7083 0.193 0.0124 0.1372
 0.2953 1.0225 1.5424 1.2022 0.3342 0.0276 0.0682
 1.6117 1.2346 0.9233 0.592 0.1766 0.064 0.0878
 0.3728 1.7562 1.4964 0.4728 0.1455 0.0797 0.0495
 2.2359 1.2231 1.1093 0.5024 0.1951 0.0643 0.0035
 0.5175 3.485 2.2224 0.6976 0.3171 0.0874 0.1238
 0.142 0.5833 3.1547 1.5129 0.2216 0.0698 0.0465
 2.7951 1.1104 0.8529 1.315 0.3727 0.0718 0.0248
 1.1844 1.0789 1.1644 0.7103 0.211 0.1448 0.0539
 0.3739 1.5348 0.956 0.3892 0.1409 0.0606 0.0673
 0.6346 0.9799 0.8289 0.5011 0.2409 0.0573 0.0404
 0.5591 2.3562 1.0113 0.4753 0.1867 0.0583 0.0341
 0.5021 1.8013 2.8207 0.9616 0.1343 0.0339 0.0387
obs.sprop.2.sp.1
 0.141372 0.340447 0.305826 0.138673 0.0429934 0.0187785 0.0119094
 0.141372 0.340447 0.305826 0.138673 0.0429934 0.0187785 0.0119094
 0.141372 0.340447 0.305826 0.138673 0.0429934 0.0187785 0.0119094
 0.141372 0.340447 0.305826 0.138673 0.0429934 0.0187785 0.0119094
 0.16195 0.263206 0.375447 0.107643 0.0535404 0.0294779 0.00873608
 0.0687918 0.344263 0.320882 0.195908 0.0296978 0.0293692 0.011088
 0.0709665 0.205209 0.40487 0.211941 0.0674878 0.0255171 0.014009
 0.327333 0.207271 0.224675 0.161375 0.0479388 0.0154274 0.0159796
 0.0858322 0.491191 0.302005 0.0646101 0.036621 0.0104157 0.00932478
 0.0705935 0.216696 0.491551 0.141254 0.0329853 0.0208832 0.0260375
 0.062751 0.462527 0.254576 0.158196 0.0428318 0.0135997 0.00551874
 0.264695 0.287172 0.303038 0.0735985 0.0357003 0.029743 0.00605326
 0.148985 0.401841 0.301288 0.121839 0.0242159 0.00183229 0
 0.0870076 0.445694 0.331275 0.105696 0.0255169 0.00330661 0.0015037
 0.0412873 0.234837 0.557768 0.128713 0.0161516 0.0128474 0.00839522
 0.131237 0.238607 0.368459 0.21331 0.0376457 0.0107406 0
 0.119084 0.351198 0.366732 0.122141 0.0256461 0.0126745 0.002525
 0.0637372 0.471227 0.339414 0.0846682 0.0230707 0.00148226 0.0164005
 0.0657332 0.227607 0.343335 0.267608 0.0743923 0.00614371 0.0151812
 0.343646 0.263241 0.196866 0.126226 0.0376546 0.0136461 0.0187207
 0.0852523 0.40161 0.342199 0.10812 0.0332731 0.0182259 0.0113197
 0.41921 0.22932 0.207983 0.0941953 0.0365794 0.0120556 0.000656217
 0.0694556 0.467735 0.298277 0.0936275 0.0425592 0.0117303 0.0166157
 0.0247784 0.101783 0.550482 0.263995 0.0386682 0.0121798 0.00811405
 0.427209 0.169716 0.130359 0.200987 0.0569643 0.0109741 0.00379048
 0.260439 0.237241 0.256042 0.156189 0.0463971 0.0318403 0.0118521
 0.10614 0.435689 0.271383 0.110483 0.0399977 0.0172027 0.0191047
 0.193293 0.298468 0.252475 0.15263 0.0733758 0.017453 0.0123054
 0.11944 0.503354 0.216044 0.101538 0.0398846 0.0124546 0.00728477
 0.0797921 0.286257 0.448257 0.152814 0.0213425 0.00538728 0.00615008
pred.sprop.2.sp.1
 0.0872096 0.263522 0.284312 0.149806 0.0719682 0.0219433 0.121238
 0.116479 0.398378 0.28567 0.115946 0.0342856 0.0164711 0.0327695
 0.0456528 0.44466 0.370752 0.0998189 0.0227366 0.00672329 0.00965591
 0.0359722 0.238223 0.525461 0.165532 0.0250111 0.005697 0.00410406
 0.274869 0.223546 0.251541 0.205971 0.0364142 0.00550202 0.00215606
 0.107545 0.723337 0.104435 0.0415202 0.01908 0.0033732 0.000709402
 0.252463 0.330738 0.389194 0.0204848 0.00457054 0.00210033 0.000449413
 0.123805 0.647051 0.159298 0.0671729 0.00198419 0.000442708 0.000246971
 0.0279743 0.431444 0.485964 0.0438315 0.0103727 0.000306395 0.000106499
 0.0592262 0.160142 0.539726 0.226613 0.0114707 0.00271453 0.000108054
 0.0769883 0.358481 0.220262 0.275306 0.0648709 0.00328363 0.000808003
 0.0592994 0.360079 0.405431 0.0933273 0.0654648 0.0154256 0.000972944
 0.0457919 0.290211 0.434487 0.184716 0.0238626 0.0167385 0.0041929
 0.0371702 0.251848 0.410235 0.231978 0.0553474 0.00715008 0.00627179
 0.0302385 0.238575 0.389865 0.241828 0.0767435 0.0183102 0.00444026
 0.0263512 0.213795 0.397227 0.243157 0.0846448 0.0268619 0.00796314
 0.0170564 0.191987 0.384816 0.268554 0.0922575 0.0321155 0.0132131
 0.0136519 0.134839 0.385501 0.292662 0.114622 0.0393765 0.0193468
 0.0256738 0.120044 0.302869 0.328534 0.139973 0.0548207 0.0280859
 0.059831 0.208608 0.249169 0.238601 0.145252 0.0618848 0.0366547
 0.0728253 0.34103 0.301241 0.136546 0.0733806 0.0446714 0.0303053
 0.0506556 0.340466 0.402612 0.134747 0.0342774 0.0184208 0.0188215
 0.0126204 0.262573 0.459637 0.205955 0.0386836 0.00984046 0.0106916
 0.0146686 0.0883519 0.476239 0.317836 0.0799249 0.0150119 0.0079679
 0.0171419 0.125571 0.211044 0.432037 0.161816 0.0406912 0.0116994
 0.0127467 0.149745 0.30298 0.196627 0.225899 0.0846086 0.0273935
 0.0102296 0.108384 0.347005 0.26852 0.0977977 0.112357 0.0557072
 0.019426 0.0900843 0.270946 0.332329 0.144322 0.0525635 0.0903296
 0.0190389 0.161033 0.224614 0.260731 0.179474 0.0779408 0.0771691
 0.013761 0.136718 0.361487 0.196202 0.127814 0.0879808 0.0760373
TCwt
 350
TSwt
 150 150
CPwt
 40
SPwt
 30 30
nBpen
 3
lBpen
 35
Bthres
 1e-07
Bwt
 1e+15
Ywt
 0
Rwt
 100
Rthres
 1
TCres
 63.2501
CPmulti
 1333.62
CPideal
 1180.57
TSresA
 442.242 212.01
TSresB
 442.041 211.912
SPmulti
 1487.27 1593.96
SPideal
 1289.97 1306.43
tYpen
 0
tRpen
 0
Devs
 3.12168e-18
ofvsp
 5132.35
ofvsp_ideal
 1355.39
