mgc
0.0016539
ofv
8734.03
ofv_ideal
845.896
nsp
1
nf
406
nFIC
2
yrs
 1978 1979 1980 1981 1982 1983 1984 1985 1986 1987 1988 1989 1990 1991 1992 1993 1994 1995 1996 1997 1998 1999 2000 2001 2002 2003 2004 2005 2006 2007
nyr
 30
nage
 10
FICnseg
 1
M1nseg
1
M1yr
 1978
agePR
 1
ageFR
 7
ficFR
 6
FICfage
 1 1
FIClage
 10 10
FICs.lage
 1
Ft
 0.0773411 0.109533 0.12171 0.101306 0.099379 0.0924389 0.0875361 0.101852 0.0889875 0.107812 0.132541 0.254702 0.252343 0.308747 0.423008 0.584808 0.566551 0.708691 0.743076 0.737817 0.679378 0.668175 0.578782 0.714279 0.563429 0.521337 0.351992 0.277532 0.186297 0.144745
nFt
 30
nsel
 6
FICnsel
 5
obs.sumC
 0 0 0 0 0 0 0 0 0 0 0 0 0 0 0 0 1.23982 1.23206 1.27871 1.11992 0.972459 0.956824 0.748098 1.08863 0.823207 0.917259 0.704813 0.614389 0.456001 0.37047
obs.totc
 0.626595 0.909473 0.977403 0.796789 0.81651 0.83061 0.848814 1.01899 0.874157 0.991413 1.09171 1.77401 1.51005 1.68121 2.04761 2.5012 2.30202 2.76471 2.73285 2.75329 2.57294 2.44373 2.10222 2.76614 2.50022 2.76043 2.22242 2.02976 1.51942 1.28045
pred.totc
 0.62609 0.905874 0.972854 0.796715 0.822467 0.838075 0.856656 1.02613 0.878939 0.994591 1.09389 1.78445 1.51524 1.68499 2.0557 2.50432 2.27455 2.72041 2.70537 2.6701 2.45088 2.33087 2.03873 2.73892 2.55348 2.8971 2.31814 2.08879 1.53678 1.28508
resid.totc
 0.00080362 0.00396115 0.00466026 9.32224e-05 -0.00726045 -0.00893727 -0.00918563 -0.00698009 -0.00544981 -0.00319723 -0.00199235 -0.00586043 -0.00342503 -0.00224817 -0.00393898 -0.00124792 0.012002 0.0161485 0.0101031 0.0306695 0.0485853 0.0472639 0.030655 0.00988391 -0.0210714 -0.048307 -0.0421495 -0.0286513 -0.0113518 -0.00360393
Age1
 1.0492 0.819182 0.58321 0.414204 0.183998 0.265219 0.94408 0.84518 0.46431 1.08541 1.28195 1.24529 1.25592 1.60179 1.53505 1.2704 1.0248 1.29523 1.70197 1.96091 1.88641 1.57148 1.2388 1.21225 0.982526 0.688938 0.97031 0.919956 0.761906
Yr1
 1.26193 0.951923 0.118906 -0.493411 -0.912833 -0.979189 -0.970802 -1.02096 -1.62823 -2.07352
FICmonth.1
 4 10
sel.1
 0.00367507 0.0100632 0.0487891 0.18685 0.34776 0.669905 1 1 1 1
FICsel.1
 0.0878879 0.17603 0.385407 0.706645 0.890544 1 1 1 1 1
FIC.q.1
 0.100481
 0.179599
FIC.yr.1
 0
M1.1
 0.3 0.3 0.3 0.3 0.3 0.3 0.3 0.3 0.3 0.3
obs.CAA.1
 0 0 0 0 0 0 0 0 0 0
 0 0 0 0 0 0 0 0 0 0
 0 0 0 0 0 0 0 0 0 0
 0 0 0 0 0 0 0 0 0 0
 0 0 0 0 0 0 0 0 0 0
 0 0 0 0 0 0 0 0 0 0
 0 0 0 0 0 0 0 0 0 0
 0 0 0 0 0 0 0 0 0 0
 0 0 0 0 0 0 0 0 0 0
 0 0 0 0 0 0 0 0 0 0
 0 0 0 0 0 0 0 0 0 0
 0 0 0 0 0 0 0 0 0 0
 0 0 0 0 0 0 0 0 0 0
 0 0 0 0 0 0 0 0 0 0
 0 0 0 0 0 0 0 0 0 0
 0 0 0 0 0 0 0 0 0 0
 0.126221 0.135507 0.163582 0.190857 0.190333 0.232885 0.135663 0.0441358 0.015794 0.0048441
 0.00271709 0.0239184 0.144262 0.325917 0.254319 0.234517 0.152568 0.0696374 0.0200403 0.00416488
 0.010392 0.0266983 0.0865645 0.259121 0.44123 0.268079 0.112248 0.0562564 0.0147961 0.00332661
 0.000503834 0.00891498 0.0656916 0.204437 0.303711 0.311256 0.144706 0.0613505 0.0170801 0.00227069
 0.00133836 0.00887558 0.0410154 0.161744 0.268225 0.261647 0.142674 0.0680934 0.0169556 0.00189179
 0.00150516 0.0146706 0.0817627 0.218111 0.165066 0.22952 0.163876 0.0637801 0.0165531 0.00197997
 0.000794269 0.00791302 0.0465619 0.126077 0.164686 0.19021 0.128066 0.0636693 0.0182121 0.00190745
 0.00155235 0.0190107 0.111658 0.284235 0.21468 0.200679 0.139104 0.0807534 0.0278843 0.00907564
 0.000211162 0.00559803 0.0402039 0.139574 0.170821 0.213091 0.146201 0.078833 0.0248262 0.00384874
 0.0010572 0.00971077 0.0468482 0.133545 0.192821 0.24693 0.175756 0.0844599 0.0231814 0.00294951
 0.0017316 0.0075843 0.0326155 0.0921374 0.12953 0.199169 0.149855 0.0727827 0.0170921 0.00231518
 0.000950471 0.00543738 0.0273758 0.0771506 0.111071 0.165615 0.131014 0.0769928 0.0169647 0.0018163
 0.000360295 0.00236429 0.0127943 0.0503724 0.0905662 0.135472 0.0988827 0.05213 0.0119792 0.00107927
 0.000167322 0.00219349 0.0133718 0.0397769 0.0597164 0.107414 0.0883733 0.0475333 0.0107852 0.00113775
obs.cprop.1
 0 0 0 0 0 0 0 0 0 0
 0 0 0 0 0 0 0 0 0 0
 0 0 0 0 0 0 0 0 0 0
 0 0 0 0 0 0 0 0 0 0
 0 0 0 0 0 0 0 0 0 0
 0 0 0 0 0 0 0 0 0 0
 0 0 0 0 0 0 0 0 0 0
 0 0 0 0 0 0 0 0 0 0
 0 0 0 0 0 0 0 0 0 0
 0 0 0 0 0 0 0 0 0 0
 0 0 0 0 0 0 0 0 0 0
 0 0 0 0 0 0 0 0 0 0
 0 0 0 0 0 0 0 0 0 0
 0 0 0 0 0 0 0 0 0 0
 0 0 0 0 0 0 0 0 0 0
 0 0 0 0 0 0 0 0 0 0
 0.101806 0.109295 0.13194 0.153939 0.153516 0.187838 0.109421 0.0355985 0.0127389 0.0039071
 0.00220532 0.0194133 0.11709 0.26453 0.206418 0.190345 0.123832 0.0565211 0.0162657 0.00338042
 0.00812689 0.0208791 0.0676966 0.202642 0.345058 0.209648 0.0877822 0.0439945 0.0115711 0.00260153
 0.000449883 0.00796036 0.0586573 0.182546 0.271189 0.277927 0.129211 0.0547811 0.0152512 0.00202755
 0.00137626 0.00912694 0.0421769 0.166324 0.275821 0.269057 0.146714 0.0700218 0.0174358 0.00194537
 0.00157308 0.0153326 0.0854521 0.227953 0.172515 0.239877 0.171271 0.0666581 0.0173001 0.00206931
 0.00106172 0.0105775 0.0622404 0.16853 0.220139 0.254259 0.171189 0.0851082 0.0243446 0.00254974
 0.00142596 0.0174629 0.102567 0.261094 0.197201 0.18434 0.127779 0.0741787 0.0256141 0.00833673
 0.000256511 0.00680027 0.0488381 0.169549 0.207506 0.258854 0.1776 0.0957632 0.0301579 0.0046753
 0.00115257 0.0105867 0.0510741 0.145591 0.210215 0.269205 0.19161 0.0920785 0.0252725 0.00321557
 0.00245682 0.0107607 0.0462754 0.130726 0.18378 0.282584 0.212617 0.103265 0.0242505 0.00328481
 0.00154702 0.00885006 0.0445577 0.125573 0.180783 0.269561 0.213243 0.125316 0.0276123 0.00295626
 0.000790119 0.00518484 0.0280577 0.110466 0.19861 0.297088 0.216848 0.11432 0.0262701 0.00236682
 0.000451647 0.00592083 0.0360942 0.107369 0.161191 0.289941 0.238544 0.128306 0.0291121 0.0030711
pred.cprop.1
 0.00804389 0.0161511 0.0339935 0.0702167 0.0854117 0.152169 0.226334 0.215262 0.117282 0.0751356
 0.006702 0.0168075 0.0596166 0.0982538 0.0972649 0.119653 0.160299 0.157575 0.149866 0.133962
 0.00519147 0.0132445 0.0586568 0.162682 0.128076 0.127638 0.117205 0.103182 0.101428 0.182696
 0.00379479 0.00973922 0.0438933 0.152164 0.201727 0.160205 0.119294 0.0718274 0.0632338 0.174122
 0.00292054 0.00701053 0.0317879 0.112202 0.186231 0.249557 0.14865 0.0728446 0.0438599 0.144936
 0.00219265 0.00559561 0.0237339 0.0843251 0.142601 0.239533 0.241086 0.0945373 0.046327 0.120069
 0.00240812 0.00450115 0.0202995 0.067497 0.114996 0.197068 0.249108 0.165259 0.0648032 0.114061
 0.00509877 0.00524262 0.0173129 0.0611569 0.09744 0.167938 0.216287 0.180365 0.119654 0.129505
 0.00511039 0.0114369 0.0207801 0.0537802 0.0910253 0.146818 0.190074 0.161082 0.134329 0.185564
 0.00384047 0.0113944 0.0450476 0.0640834 0.0794274 0.135857 0.164492 0.140451 0.119028 0.236378
 0.0075718 0.00824693 0.0432017 0.133459 0.0906284 0.112916 0.143974 0.114586 0.0978386 0.247578
 0.00979693 0.0163068 0.0312862 0.126986 0.185218 0.123912 0.112542 0.0939091 0.0747401 0.225302
 0.00970628 0.0203902 0.0597629 0.0886333 0.168378 0.239506 0.114382 0.0664911 0.0554823 0.177268
 0.00952701 0.0190858 0.0705283 0.159217 0.110075 0.202306 0.203846 0.0623352 0.0362361 0.126843
 0.013358 0.0191279 0.0672535 0.189792 0.197233 0.129149 0.163827 0.104596 0.0319849 0.0836779
 0.0124903 0.0269955 0.0676177 0.179263 0.228227 0.217451 0.094219 0.0741048 0.0473124 0.0523184
 0.00930392 0.0244966 0.0925927 0.174503 0.206505 0.238233 0.146171 0.0380436 0.029922 0.0402289
 0.00706844 0.0182528 0.0838336 0.236355 0.197077 0.207622 0.151969 0.056213 0.0146305 0.0269779
 0.00935843 0.0144154 0.0648638 0.221083 0.27221 0.198607 0.128732 0.0551991 0.020418 0.0151133
 0.0144533 0.0194244 0.0521355 0.174025 0.258474 0.277812 0.123983 0.0467464 0.0200444 0.0129025
 0.0194834 0.0303614 0.0711763 0.142261 0.207874 0.271767 0.180161 0.0468206 0.0176532 0.012442
 0.0180805 0.0393351 0.106965 0.187091 0.164541 0.213063 0.17395 0.0679602 0.0176616 0.0113525
 0.0118404 0.032771 0.124621 0.254349 0.197183 0.155717 0.127645 0.0615569 0.0240495 0.0102674
 0.00730067 0.0205665 0.0992828 0.281442 0.253809 0.174847 0.0873476 0.0430611 0.0207663 0.0115768
 0.00627844 0.0130222 0.064131 0.232367 0.291281 0.235398 0.101978 0.0298103 0.014696 0.0110382
 0.00467477 0.0118884 0.0431616 0.160468 0.260798 0.29866 0.15698 0.0410242 0.0119923 0.0103525
 0.00345006 0.00935872 0.0417956 0.11591 0.19632 0.299652 0.230202 0.0736008 0.0192344 0.0104764
 0.00464466 0.00709595 0.033868 0.116497 0.149856 0.244551 0.260949 0.125993 0.040283 0.0162612
 0.00460017 0.00979796 0.0263886 0.0977327 0.157859 0.199572 0.233813 0.159008 0.0767734 0.0344549
 0.00405787 0.00963015 0.036198 0.0759963 0.133468 0.214866 0.199395 0.151402 0.102963 0.0720242
Wt.1
 0.0416573 0.14789 0.441891 0.997973 1.95802 3.35452 5.04729 7.65961 10.6716 13.2926
 0.0416573 0.14789 0.441891 0.997973 1.95802 3.35452 5.04729 7.65961 10.6716 13.2926
 0.0416573 0.14789 0.441891 0.997973 1.95802 3.35452 5.04729 7.65961 10.6716 13.2926
 0.0416573 0.14789 0.441891 0.997973 1.95802 3.35452 5.04729 7.65961 10.6716 13.2926
 0.0416573 0.14789 0.441891 0.997973 1.95802 3.35452 5.04729 7.65961 10.6716 13.2926
 0.0416573 0.14789 0.441891 0.997973 1.95802 3.35452 5.04729 7.65961 10.6716 13.2926
 0.0416573 0.14789 0.441891 0.997973 1.95802 3.35452 5.04729 7.65961 10.6716 13.2926
 0.0416573 0.14789 0.441891 0.997973 1.95802 3.35452 5.04729 7.65961 10.6716 13.2926
 0.0416573 0.14789 0.441891 0.997973 1.95802 3.35452 5.04729 7.65961 10.6716 13.2926
 0.0416573 0.14789 0.441891 0.997973 1.95802 3.35452 5.04729 7.65961 10.6716 13.2926
 0.0416573 0.14789 0.441891 0.997973 1.95802 3.35452 5.04729 7.65961 10.6716 13.2926
 0.0416573 0.14789 0.441891 0.997973 1.95802 3.35452 5.04729 7.65961 10.6716 13.2926
 0.0416573 0.14789 0.441891 0.997973 1.95802 3.35452 5.04729 7.65961 10.6716 13.2926
 0.0416573 0.14789 0.441891 0.997973 1.95802 3.35452 5.04729 7.65961 10.6716 13.2926
 0.0416573 0.14789 0.441891 0.997973 1.95802 3.35452 5.04729 7.65961 10.6716 13.2926
 0.0416573 0.14789 0.441891 0.997973 1.95802 3.35452 5.04729 7.65961 10.6716 13.2926
 0.0416573 0.14789 0.441891 0.997973 1.95802 3.35452 5.04729 7.65961 10.6716 13.2926
 0.0416573 0.14789 0.441891 0.997973 1.95802 3.35452 5.04729 7.65961 10.6716 13.2926
 0.0416573 0.14789 0.441891 0.997973 1.95802 3.35452 5.04729 7.65961 10.6716 13.2926
 0.0416573 0.14789 0.441891 0.997973 1.95802 3.35452 5.04729 7.65961 10.6716 13.2926
 0.0416573 0.14789 0.441891 0.997973 1.95802 3.35452 5.04729 7.65961 10.6716 13.2926
 0.0416573 0.14789 0.441891 0.997973 1.95802 3.35452 5.04729 7.65961 10.6716 13.2926
 0.0416573 0.14789 0.441891 0.997973 1.95802 3.35452 5.04729 7.65961 10.6716 13.2926
 0.0416573 0.14789 0.441891 0.997973 1.95802 3.35452 5.04729 7.65961 10.6716 13.2926
 0.0416573 0.14789 0.441891 0.997973 1.95802 3.35452 5.04729 7.65961 10.6716 13.2926
 0.0416573 0.14789 0.441891 0.997973 1.95802 3.35452 5.04729 7.65961 10.6716 13.2926
 0.0416573 0.14789 0.441891 0.997973 1.95802 3.35452 5.04729 7.65961 10.6716 13.2926
 0.0416573 0.14789 0.441891 0.997973 1.95802 3.35452 5.04729 7.65961 10.6716 13.2926
 0.0416573 0.14789 0.441891 0.997973 1.95802 3.35452 5.04729 7.65961 10.6716 13.2926
 0.0416573 0.14789 0.441891 0.997973 1.95802 3.35452 5.04729 7.65961 10.6716 13.2926
N.1
 3.53222 2.59069 1.12626 0.61054 0.401386 0.375615 0.378779 0.36025 0.196277 0.125743
 2.85538 2.61599 1.91773 0.831214 0.44581 0.289463 0.264213 0.259722 0.247017 0.220803
 2.26864 2.11446 1.93584 1.41312 0.603304 0.317921 0.199268 0.175427 0.172445 0.310614
 1.79178 1.6799 1.56452 1.42561 1.02333 0.428416 0.21708 0.130705 0.115067 0.31685
 1.51317 1.32689 1.24323 1.15331 1.03632 0.731856 0.296554 0.145323 0.0874996 0.289145
 1.20201 1.12057 0.982002 0.916555 0.838672 0.741644 0.507253 0.19891 0.0974737 0.252629
 1.30372 0.890171 0.829368 0.724211 0.667374 0.601649 0.516432 0.342602 0.134345 0.236462
 2.57045 0.965506 0.658874 0.611792 0.527805 0.479579 0.420327 0.350516 0.232534 0.251677
 2.3284 1.90352 0.714532 0.485687 0.444683 0.3774 0.331848 0.281232 0.234523 0.323976
 1.59092 1.72436 1.4089 0.527045 0.353872 0.319391 0.263405 0.224908 0.190603 0.378519
 2.96067 1.17811 1.27605 1.03826 0.382658 0.252508 0.220124 0.175192 0.149587 0.378525
 3.60368 2.19225 0.871604 0.939227 0.75035 0.27071 0.171169 0.142829 0.113675 0.34267
 3.47393 2.66717 1.6199 0.637726 0.663458 0.508754 0.169089 0.0982929 0.0820188 0.262053
 3.51108 2.57117 1.97088 1.18537 0.45068 0.450209 0.318276 0.0973273 0.0565773 0.198047
 4.96188 2.59812 1.89886 1.43823 0.828916 0.299882 0.271206 0.173152 0.0529492 0.138524
 4.64155 3.67014 1.91656 1.37797 0.984499 0.530072 0.167338 0.131614 0.0840292 0.0929201
 3.56226 3.43116 2.70296 1.37989 0.915159 0.595118 0.265403 0.0690758 0.0543293 0.0730435
 2.78654 2.6335 2.52742 1.94781 0.919561 0.556727 0.301637 0.111575 0.0290394 0.0535474
 3.65185 2.05895 1.93708 1.80872 1.26401 0.532425 0.256549 0.110006 0.0406909 0.0301191
 5.48474 2.69798 1.51394 1.38393 1.16623 0.723159 0.239763 0.0903999 0.0387627 0.0249513
 7.10575 4.05219 1.98393 1.0819 0.89321 0.668442 0.326804 0.0849306 0.0320221 0.0225692
 6.59566 5.25095 2.98148 1.42181 0.705943 0.522467 0.314138 0.12273 0.0318952 0.0205015
 4.81378 4.8742 3.86393 2.1379 0.929679 0.41454 0.247385 0.119302 0.0466097 0.019899
 3.45148 3.55856 3.58993 2.78277 1.42145 0.563159 0.208396 0.102736 0.0495447 0.0276203
 3.36104 2.55022 2.61736 2.5684 1.80396 0.821419 0.258543 0.0755777 0.0372587 0.0279849
 2.67119 2.48477 1.87857 1.88641 1.71259 1.09861 0.41721 0.109031 0.0318721 0.0275141
 1.9916 1.97508 1.83113 1.35672 1.26778 1.05834 0.573957 0.183507 0.0479566 0.0261206
 2.63876 1.47351 1.458 1.33344 0.941109 0.830986 0.619343 0.299036 0.0956085 0.0385948
 2.50918 1.95285 1.08856 1.06559 0.937915 0.633047 0.511165 0.347626 0.167843 0.0753259
 2.14236 1.85757 1.444 0.799125 0.762401 0.651236 0.413949 0.314315 0.213755 0.149524
iM2.1
 0 0 0 0 0 0 0 0 0 0
M2.1
 0 0 0 0 0 0 0 0 0 0
 0 0 0 0 0 0 0 0 0 0
 0 0 0 0 0 0 0 0 0 0
 0 0 0 0 0 0 0 0 0 0
 0 0 0 0 0 0 0 0 0 0
 0 0 0 0 0 0 0 0 0 0
 0 0 0 0 0 0 0 0 0 0
 0 0 0 0 0 0 0 0 0 0
 0 0 0 0 0 0 0 0 0 0
 0 0 0 0 0 0 0 0 0 0
 0 0 0 0 0 0 0 0 0 0
 0 0 0 0 0 0 0 0 0 0
 0 0 0 0 0 0 0 0 0 0
 0 0 0 0 0 0 0 0 0 0
 0 0 0 0 0 0 0 0 0 0
 0 0 0 0 0 0 0 0 0 0
 0 0 0 0 0 0 0 0 0 0
 0 0 0 0 0 0 0 0 0 0
 0 0 0 0 0 0 0 0 0 0
 0 0 0 0 0 0 0 0 0 0
 0 0 0 0 0 0 0 0 0 0
 0 0 0 0 0 0 0 0 0 0
 0 0 0 0 0 0 0 0 0 0
 0 0 0 0 0 0 0 0 0 0
 0 0 0 0 0 0 0 0 0 0
 0 0 0 0 0 0 0 0 0 0
 0 0 0 0 0 0 0 0 0 0
 0 0 0 0 0 0 0 0 0 0
 0 0 0 0 0 0 0 0 0 0
 0 0 0 0 0 0 0 0 0 0
obs.totFIC.1
 0.25332 0.22109 0.420967 0.612435 0.691433 0.332201 0.243169 0.237537 0.307266 0.164509 0.510684 0.377163 0.236973 0.43214 0.306582 0.398639 0.25448 0.522549 0.356105 0.213476 0.320418 0.535326 0.6094 0.8361 0.91413 0.51654 0.44543 0.44518 0.2529 0.38162
 0.393134 0.599961 0.633044 0.728021 0.413474 0.645151 0.37924 0.458886 0.437901 0.391634 0.264753 0.391627 0.41805 0.642869 0.589565 0.574465 0.910155 0.670614 0.398636 0.386904 0.446729 0.7126 1.2376 0.88914 1.01063 0.98311 0.48703 0.57755 0.56419 0.37869
pred.totFIC.1
 0.307916 0.333044 0.360935 0.375445 0.370473 0.346793 0.315688 0.293246 0.277771 0.272607 0.286403 0.300227 0.314263 0.340965 0.37615 0.399959 0.414511 0.418965 0.40598 0.394649 0.409692 0.456898 0.518898 0.557142 0.55055 0.507816 0.451282 0.411743 0.380666 0.360788
 0.465659 0.50163 0.543274 0.56668 0.557883 0.521389 0.474193 0.438697 0.417541 0.408797 0.428624 0.440657 0.463171 0.49966 0.545349 0.570007 0.592753 0.587545 0.564791 0.548529 0.579002 0.654538 0.752352 0.790283 0.783849 0.716079 0.648167 0.597089 0.561843 0.537028
toteps.1
 -0.195173 -0.409705 0.153858 0.489332 0.623987 -0.0429884 -0.260997 -0.21069 0.100915 -0.505067 0.578351 0.228136 -0.282286 0.23697 -0.204503 -0.00330567 -0.487875 0.220932 -0.131077 -0.614471 -0.24578 0.158416 0.160768 0.405929 0.507055 0.017034 -0.0130517 0.0780792 -0.408928 0.0561341
 -0.169303 0.179002 0.152925 0.250536 -0.299555 0.212986 -0.223443 0.0449932 0.0476094 -0.0428931 -0.481785 -0.117959 -0.102494 0.252013 0.0779586 0.00778995 0.428838 0.132241 -0.348406 -0.349063 -0.259355 0.0849911 0.497726 0.117864 0.254113 0.31693 -0.285822 -0.0332715 0.00416888 -0.349333
resid.totFIC.1
 -0.194476 -0.408191 0.153464 0.488303 0.622737 -0.0428621 -0.260055 -0.209894 0.100571 -0.502668 0.576822 0.227459 -0.281252 0.236353 -0.203901 -0.00329741 -0.486363 0.22046 -0.130733 -0.612328 -0.245102 0.158096 0.160482 0.405331 0.506334 0.0170008 -0.0130227 0.0778972 -0.407605 0.0559832
 -0.168907 0.178676 0.152664 0.250145 -0.29893 0.212619 -0.222916 0.0448931 0.0474983 -0.0427862 -0.480345 -0.117675 -0.102262 0.251568 0.0778213 0.00777637 0.42825 0.132031 -0.34767 -0.348303 -0.258845 0.0848668 0.497205 0.117723 0.253827 0.316551 -0.285313 -0.033215 0.00416149 -0.348556
Age1CV.1
0.415346
obs.FIC.1.sp.1
 0.00792926 0.0220593 0.0264927 0.0513187 0.0351108 0.020377 0.0243134 0.0345819 0.0247573 0.00637952
 0.0119523 0.0252049 0.034519 0.0307901 0.0201905 0.0192656 0.0274656 0.016876 0.0171887 0.0176373
 0.00261119 0.0233484 0.0901966 0.110723 0.0633702 0.0396675 0.0234911 0.0249127 0.0290147 0.0136318
 0.0104132 0.0225202 0.0685879 0.138337 0.173531 0.0773333 0.036006 0.0241528 0.0326738 0.0288796
 0.0220319 0.0425885 0.107469 0.128553 0.125123 0.11789 0.0414316 0.0247121 0.028656 0.0529774
 0.00992229 0.0173808 0.0453713 0.0492169 0.0514548 0.0654166 0.0328562 0.0209225 0.0242549 0.0154045
 0.00193116 0.0154052 0.047677 0.0122522 0.0213366 0.0285004 0.0279733 0.049377 0.0358998 0.00281646
 0.00418771 0.00669377 0.0144279 0.0262531 0.0462228 0.0328837 0.0443135 0.0364331 0.0111372 0.0149836
 0.00736123 0.00946652 0.0232432 0.0457731 0.0539899 0.046157 0.0512758 0.0207984 0.0188134 0.0303872
 0.00329917 0.009921 0.0190281 0.0195289 0.00334004 0.018533 0.0342623 0.0164234 0.0238212 0.0163517
 0.0100659 0.0373999 0.137667 0.132455 0.0448202 0.0461086 0.0415058 0.0391743 0.00892266 0.0125643
 0.0273789 0.0263871 0.033462 0.0849868 0.112174 0.024422 0.0390666 0.019484 0.00980089 0
 0.00464234 0.0141274 0.0190624 0.0261384 0.0539153 0.0505828 0.0218411 0.0169967 0.0200296 0.00963675
 0.0175649 0.0493651 0.0978547 0.104082 0.0485719 0.0301461 0.0476158 0.0215729 0.00728554 0.00808085
 0.00740079 0.0325426 0.0681076 0.0768449 0.065662 0.0229079 0.0130549 0.00447082 0.00740847 0.00818192
 0.0383104 0.0359071 0.0378239 0.0637792 0.124876 0.0596869 0.0195039 0.0119794 0.00504991 0.00172291
 0.0151512 0.0280049 0.0236916 0.0573678 0.0577433 0.0321906 0.0258669 0.00158949 0.0114827 0.00139183
 0.0205723 0.0604836 0.0984219 0.121118 0.0539853 0.0622701 0.05882 0.040268 0.00660999 0
 0.0128656 0.0154235 0.0198622 0.0941848 0.121762 0.0491756 0.0348523 0.00659268 0.00138647 0
 0.0117286 0.0100681 0.0351639 0.0787072 0.0550031 0.00570373 0.00135104 0.0118786 0.00387202 0
 0.0397889 0.0747404 0.0383736 0.0669178 0.043033 0.0264012 0.0249996 0.00616309 0 0
 0.0283929 0.0732508 0.108391 0.126803 0.066438 0.0467206 0.0449922 0.0377025 0.0026348 0
 0.0223792 0.0906324 0.162359 0.156878 0.0842015 0.0433976 0.0184525 0.0217622 0.00933796 0
 0.107568 0.181554 0.161169 0.158057 0.110708 0.0518373 0.0246453 0.0331766 0.00681978 0.000564286
 0.0307956 0.0705257 0.179214 0.283175 0.206051 0.104896 0.0330304 0.00644222 0 0
 0.0242185 0.0231024 0.0223885 0.0737645 0.139224 0.111204 0.0786679 0.0318077 0.0104832 0.00168
 0.0427646 0.0405629 0.0454385 0.0423961 0.0707217 0.0786253 0.073446 0.0360931 0.0153817 0
 0.0223078 0.0336187 0.059899 0.0601369 0.0988429 0.10335 0.0563623 0.0106627 0 0
 0.00286452 0.0136654 0.0234792 0.0490706 0.0601785 0.0437673 0.0362093 0.0132998 0.00396546 0.0064
 0.0367197 0.0447366 0.0623205 0.0395082 0.0781422 0.0644906 0.0147874 0.0348758 0.006039 0
obs.sprop.1.sp.1
 0.0313013 0.0870808 0.104582 0.202584 0.138603 0.0804398 0.0959791 0.136515 0.0977314 0.0251837
 0.0540609 0.114003 0.156131 0.139265 0.0913226 0.0871391 0.124228 0.0763311 0.0777452 0.0797742
 0.00620285 0.0554638 0.21426 0.26302 0.150535 0.0942295 0.0558028 0.0591798 0.0689239 0.032382
 0.017003 0.0367716 0.111992 0.225881 0.283346 0.126272 0.0587916 0.0394373 0.0533505 0.0471554
 0.0318641 0.0615945 0.155429 0.185923 0.180962 0.170501 0.0599214 0.0357404 0.0414443 0.0766197
 0.0298684 0.0523203 0.136578 0.148154 0.154891 0.196919 0.0989047 0.0629815 0.0730127 0.0463711
 0.00794162 0.0633516 0.196065 0.0503857 0.087744 0.117204 0.115036 0.203056 0.147633 0.0115823
 0.0176298 0.02818 0.0607397 0.110523 0.194592 0.138437 0.186554 0.153379 0.0468864 0.0630793
 0.0239572 0.0308089 0.0756452 0.148969 0.175711 0.150219 0.166878 0.0676887 0.0612284 0.0988956
 0.0200546 0.0603068 0.115666 0.118711 0.0203031 0.112657 0.20827 0.0998328 0.144802 0.0993968
 0.0197106 0.073235 0.269574 0.259368 0.087765 0.090288 0.081275 0.0767096 0.017472 0.0246029
 0.0725917 0.0699621 0.0887204 0.225332 0.297417 0.0647518 0.10358 0.0516595 0.0259858 0
 0.0195902 0.0596159 0.0804411 0.110301 0.227517 0.213454 0.092167 0.0717244 0.084523 0.0406661
 0.0406462 0.114234 0.226442 0.240852 0.112399 0.0697601 0.110186 0.0499212 0.0168592 0.0186996
 0.0241397 0.106147 0.222151 0.250651 0.214174 0.0747203 0.042582 0.0145828 0.0241647 0.0266875
 0.0961029 0.0900741 0.0948825 0.159992 0.313255 0.149726 0.0489261 0.0300508 0.0126679 0.00432198
 0.0595377 0.110048 0.093098 0.225431 0.226907 0.126496 0.101646 0.00624601 0.0451221 0.0054693
 0.0393692 0.115747 0.18835 0.231783 0.103311 0.119166 0.112564 0.0770607 0.0126495 0
 0.0361286 0.0433115 0.0557763 0.264486 0.341928 0.138093 0.0978707 0.0185133 0.00389344 0
 0.0549409 0.0471625 0.16472 0.368693 0.257655 0.0267183 0.00632876 0.0556437 0.0181379 0
 0.124178 0.233259 0.119761 0.208845 0.134303 0.0823961 0.078022 0.0192346 0 0
 0.0530386 0.136834 0.202477 0.236871 0.124108 0.087275 0.0840464 0.070429 0.00492187 0
 0.0367233 0.148724 0.266424 0.25743 0.138171 0.0712136 0.0302798 0.0357108 0.0153232 0
 0.128655 0.217144 0.192763 0.18904 0.13241 0.061999 0.0294765 0.0396802 0.00815666 0.000674902
 0.0336884 0.0771507 0.196048 0.309776 0.225407 0.114749 0.0361331 0.00704738 0 0
 0.046886 0.0447254 0.0433431 0.142805 0.269531 0.215286 0.152298 0.0615785 0.020295 0.00325241
 0.0960075 0.0910646 0.10201 0.0951802 0.158772 0.176515 0.164888 0.0810299 0.0345324 0
 0.0501095 0.0755171 0.13455 0.135084 0.222029 0.232153 0.126606 0.0239514 0 0
 0.0113267 0.0540348 0.0928399 0.194032 0.237954 0.173061 0.143176 0.0525891 0.01568 0.0253064
 0.0962206 0.117228 0.163305 0.103528 0.204764 0.168992 0.0387489 0.0913888 0.0158246 0
pred.sprop.1.sp.1
 0.0916554 0.13462 0.128008 0.126779 0.104603 0.10901 0.108996 0.103665 0.0564802 0.0361834
 0.0684994 0.125665 0.201413 0.159259 0.107015 0.0771122 0.0695425 0.0683605 0.0650165 0.0581168
 0.0502177 0.0937207 0.187566 0.24964 0.133441 0.0779366 0.0481997 0.0424329 0.0417117 0.0751326
 0.0381301 0.0715865 0.145778 0.242422 0.218111 0.101426 0.0508234 0.0306009 0.0269397 0.0741818
 0.0326333 0.0573027 0.1174 0.198773 0.223895 0.175665 0.070407 0.0345023 0.0207739 0.0686479
 0.0276932 0.0516982 0.0990748 0.168828 0.193722 0.190465 0.128952 0.050566 0.0247794 0.0642223
 0.0329961 0.0451158 0.0919274 0.146587 0.169439 0.169922 0.144457 0.095833 0.0375791 0.0661433
 0.0700335 0.0526764 0.0786005 0.13319 0.14402 0.145347 0.125969 0.105048 0.0696889 0.0754261
 0.066974 0.109643 0.0900078 0.111717 0.12829 0.121099 0.105445 0.0893615 0.0745198 0.102943
 0.0466269 0.101198 0.180782 0.123382 0.103799 0.103988 0.0847491 0.0723627 0.0613254 0.121786
 0.0825896 0.0658048 0.155786 0.230994 0.10653 0.0778214 0.0668587 0.0532113 0.0454343 0.11497
 0.0958834 0.116764 0.101308 0.197827 0.196472 0.0774476 0.0476166 0.0397328 0.0316225 0.0953253
 0.0883033 0.135716 0.179881 0.128343 0.166007 0.139122 0.0449723 0.0261428 0.0218144 0.0696978
 0.0822529 0.120562 0.201532 0.219103 0.103259 0.112051 0.0765691 0.0234145 0.0136111 0.0476452
 0.105352 0.110388 0.175678 0.239267 0.169889 0.0659509 0.0569321 0.0363484 0.0111152 0.0290792
 0.0926659 0.146574 0.166322 0.213433 0.186238 0.105745 0.031302 0.0246196 0.0157184 0.0173816
 0.0686234 0.132227 0.2264 0.206461 0.167398 0.115021 0.0481956 0.0125438 0.00986589 0.0132643
 0.0531 0.100361 0.208962 0.285795 0.163695 0.103132 0.0516854 0.0191184 0.0049759 0.00917534
 0.071812 0.0809655 0.165184 0.27329 0.231284 0.101006 0.0448486 0.0192307 0.00711339 0.00526527
 0.110952 0.109143 0.132819 0.21518 0.219655 0.141294 0.0431933 0.0162855 0.00698308 0.00449497
 0.138476 0.157937 0.16782 0.162633 0.163156 0.127461 0.0578276 0.0150284 0.00566627 0.00399359
 0.115257 0.183521 0.226187 0.191781 0.115777 0.0895562 0.0500297 0.0195459 0.00507964 0.00326507
 0.0740763 0.150044 0.258484 0.255332 0.135651 0.0638278 0.0357404 0.0172359 0.00673383 0.00287486
 0.0494588 0.101978 0.223177 0.306935 0.190159 0.078352 0.0268025 0.0132133 0.00637211 0.00355234
 0.0487485 0.0739947 0.165067 0.289388 0.248528 0.119614 0.0353856 0.010344 0.00509942 0.00383016
 0.0420054 0.0781739 0.128532 0.231039 0.257046 0.175079 0.0627816 0.016407 0.0047961 0.00414031
 0.0352493 0.0699625 0.141371 0.188964 0.218366 0.197105 0.102832 0.0328779 0.0085921 0.00467988
 0.0511929 0.0572219 0.123522 0.204501 0.179206 0.172467 0.124676 0.0601969 0.0192463 0.00776927
 0.052659 0.082053 0.0998998 0.177772 0.195232 0.145037 0.114737 0.0780286 0.0376743 0.0169077
 0.0474401 0.0823614 0.139915 0.141027 0.16825 0.158893 0.099402 0.0754768 0.0513292 0.0359055
obs.FIC.2.sp.1
 0.00948538 0.0176657 0.0250273 0.0251146 0.0296334 0.0501004 0.0761032 0.0816606 0.0388881 0.0394558
 0.0182187 0.0717763 0.104283 0.0672835 0.0528995 0.0594215 0.0603704 0.0631308 0.0637059 0.0388713
 0.0146792 0.0267277 0.0777744 0.181464 0.0646907 0.0755334 0.062294 0.0453484 0.0476478 0.0368845
 0.0203837 0.0560751 0.121411 0.129005 0.139034 0.116416 0.0712029 0.0389525 0.0265942 0.00894645
 0.0133978 0.0586127 0.121831 0.0720058 0.0597451 0.0304296 0.021174 0.0212309 0.010177 0.00486987
 0.020638 0.0606008 0.0605763 0.0843913 0.121923 0.152904 0.0868827 0.0336666 0.0141361 0.00943167
 0.0177685 0.0208436 0.0183424 0.0452275 0.0467415 0.0748379 0.075728 0.0286243 0.0369201 0.0142067
 0.0135109 0.0502063 0.0651699 0.0769653 0.0663632 0.0828676 0.0508064 0.0209758 0.0198153 0.0122053
 0.010738 0.0395657 0.0710011 0.0677269 0.0576233 0.0599456 0.0561837 0.0466166 0.023508 0.00499214
 0.0448352 0.106273 0.0863051 0.0456834 0.0255511 0.0412193 0.0224515 0.00714082 0.00992704 0.00224676
 0.00912659 0.00435348 0.0242507 0.0692254 0.0362566 0.0362691 0.0269689 0.0253473 0.0314834 0.00147121
 0.046309 0.038281 0.0414832 0.0536934 0.134887 0.0374456 0.00810687 0.00944994 0.0160956 0.00587481
 0.0641109 0.0923404 0.0829906 0.0482535 0.0466195 0.040045 0.0233361 0.0137012 0.00665324 0
 0.0576951 0.122751 0.159429 0.116385 0.0764515 0.0569593 0.0268254 0.0116315 0.0134731 0.00126836
 0.0851239 0.075783 0.155607 0.0924995 0.0968494 0.0350838 0.015816 0.0245908 0.00793551 0.000276043
 0.15928 0.104512 0.092341 0.0827281 0.0637034 0.044609 0.00755211 0.01085 0.00888907 0
 0.199417 0.237792 0.19608 0.11584 0.0704018 0.0542092 0.024043 0.00420281 0.00588066 0.00228918
 0.0539986 0.0855239 0.124838 0.213469 0.0912702 0.0472343 0.020641 0.0136711 0.0194064 0.000562101
 0.0205115 0.0203474 0.0472356 0.108548 0.103252 0.0649593 0.0243887 0.00311775 0.00432927 0.00194648
 0.0574324 0.019475 0.0270242 0.0860866 0.0761353 0.0746833 0.0342327 0.00961063 0.00202168 0.000202168
 0.0654946 0.055293 0.0887761 0.058206 0.062894 0.0522538 0.0480002 0.0117755 0.00403537 0
 0.15159 0.146208 0.15097 0.161271 0.046863 0.0353139 0.00684387 0.0125472 0.000993103 0
 0.188511 0.229336 0.292347 0.231891 0.137475 0.0595703 0.0510388 0.0308566 0.0165749 0
 0.056804 0.0828155 0.201737 0.214849 0.178523 0.0781562 0.0522902 0.0163481 0.00761692 0
 0.138095 0.105652 0.13737 0.163934 0.225606 0.15939 0.053111 0.016213 0.0109588 0.000300714
 0.210149 0.213749 0.0848625 0.102971 0.133581 0.158056 0.0512302 0.0208693 0.00764103 0
 0.080626 0.0746561 0.0759557 0.0427708 0.0621798 0.0951093 0.0432034 0.0103044 0.00222444 0
 0.0869792 0.0439635 0.101815 0.0937549 0.103546 0.0882379 0.0410196 0.0115422 0.00669103 0
 0.10685 0.0588787 0.0352872 0.0829373 0.132882 0.0877118 0.0367617 0.0165963 0.00571429 0.000571429
 0.0110748 0.0359484 0.0897267 0.0752569 0.0423531 0.0576954 0.0385776 0.0198778 0.00629946 0.00188
obs.sprop.2.sp.1
 0.0241276 0.0449356 0.063661 0.0638829 0.0753772 0.127438 0.193581 0.207717 0.098918 0.100362
 0.0303665 0.119635 0.173816 0.112147 0.0881717 0.0990423 0.100624 0.105225 0.106183 0.0647898
 0.0231883 0.0422209 0.122858 0.286653 0.10219 0.119318 0.098404 0.0716355 0.0752677 0.0582653
 0.0279988 0.077024 0.166769 0.177199 0.190975 0.159907 0.0978034 0.0535047 0.0365294 0.0122887
 0.0324029 0.141757 0.294652 0.174149 0.144495 0.073595 0.0512101 0.0513475 0.0246134 0.0117779
 0.0319895 0.0939328 0.0938947 0.130809 0.188984 0.237006 0.13467 0.0521842 0.0219114 0.0146193
 0.0468529 0.0549614 0.0483662 0.119258 0.12325 0.197336 0.199683 0.075478 0.0973526 0.037461
 0.0294428 0.109409 0.142018 0.167722 0.144618 0.180584 0.110717 0.0457104 0.0431813 0.0265977
 0.0245216 0.0903531 0.16214 0.154663 0.13159 0.136893 0.128302 0.106455 0.0536834 0.0114002
 0.114482 0.271359 0.220372 0.116648 0.0652423 0.10525 0.0573279 0.0182334 0.0253478 0.0057369
 0.0344721 0.0164436 0.0915975 0.261472 0.136945 0.136992 0.101865 0.0957396 0.118916 0.00555693
 0.118248 0.0977488 0.105925 0.137104 0.344428 0.0956156 0.0207005 0.02413 0.0410993 0.015001
 0.153357 0.220883 0.198518 0.115425 0.111516 0.0957898 0.0558212 0.032774 0.0159149 0
 0.0897463 0.190943 0.247996 0.18104 0.118922 0.0886017 0.0417276 0.0180931 0.0209578 0.00197296
 0.144384 0.128541 0.263935 0.156895 0.164273 0.059508 0.0268266 0.04171 0.01346 0.000468215
 0.277266 0.18193 0.160743 0.144009 0.110892 0.0776531 0.0131463 0.0188871 0.0154737 0
 0.219102 0.261265 0.215435 0.127275 0.0773514 0.0595603 0.0264164 0.00461768 0.00646116 0.00251515
 0.0805211 0.127531 0.186154 0.318318 0.1361 0.0704344 0.0307792 0.0203859 0.0289382 0.000838188
 0.0514543 0.0510426 0.118493 0.272299 0.259013 0.162954 0.0611803 0.00782104 0.0108602 0.00488284
 0.148441 0.0503355 0.0698473 0.222501 0.196781 0.193028 0.0884785 0.0248398 0.00522527 0.000522527
 0.146609 0.123773 0.198725 0.130294 0.140788 0.11697 0.107448 0.0263594 0.00903317 0
 0.212729 0.205175 0.211857 0.226314 0.0657634 0.0495564 0.00960409 0.0176076 0.00139363 0
 0.15232 0.185307 0.236221 0.187371 0.111082 0.0481337 0.0412401 0.0249326 0.0133928 0
 0.0638865 0.0931411 0.226889 0.241637 0.200782 0.0879009 0.0588098 0.0183865 0.00856662 0
 0.136643 0.10454 0.135925 0.162209 0.223233 0.157713 0.0525524 0.0160425 0.0108435 0.000297551
 0.213759 0.217421 0.0863205 0.10474 0.135876 0.160772 0.0521104 0.0212278 0.0077723 0
 0.165546 0.153288 0.155957 0.0878197 0.127671 0.195284 0.0887079 0.0211577 0.00456737 0
 0.1506 0.0761206 0.176289 0.162332 0.179285 0.15278 0.0710234 0.0199848 0.0115852 0
 0.189386 0.10436 0.0625449 0.147002 0.235527 0.155465 0.0651583 0.0294161 0.0101283 0.00101283
 0.029245 0.0949283 0.23694 0.198729 0.111841 0.152355 0.101871 0.052491 0.0166349 0.00496448
pred.sprop.2.sp.1
 0.093226 0.136893 0.129974 0.128041 0.10499 0.108058 0.106674 0.101456 0.0552767 0.0354124
 0.0699511 0.128284 0.205174 0.161011 0.107243 0.075925 0.0672451 0.0661022 0.0628686 0.0561969
 0.0513151 0.0957315 0.19114 0.252268 0.133532 0.0764755 0.0463554 0.0408093 0.0401157 0.0722578
 0.0388573 0.072928 0.148219 0.244763 0.21843 0.0999305 0.0492436 0.0296497 0.0261023 0.071876
 0.0333327 0.0585123 0.119648 0.201194 0.224817 0.173588 0.0684425 0.0335395 0.0201942 0.0667324
 0.0283325 0.0528759 0.101151 0.171269 0.195066 0.188952 0.125991 0.0494049 0.0242104 0.0627477
 0.0337887 0.0461868 0.09395 0.14891 0.170916 0.169004 0.141615 0.0939477 0.0368399 0.0648422
 0.072006 0.0541423 0.0806288 0.13567 0.145505 0.144455 0.12311 0.102663 0.0681068 0.0737138
 0.0685329 0.112164 0.0919182 0.113389 0.129282 0.120298 0.10322 0.0874764 0.0729478 0.100772
 0.047825 0.103763 0.184978 0.125309 0.10451 0.102898 0.0823813 0.070341 0.0596121 0.118384
 0.0848782 0.0675996 0.159625 0.234531 0.107014 0.0765236 0.0643211 0.0511917 0.0437099 0.110606
 0.100454 0.12223 0.105529 0.202478 0.197012 0.0745389 0.0439417 0.0366663 0.0291819 0.0879683
 0.0921306 0.141484 0.186613 0.130846 0.165844 0.13345 0.0413788 0.0240539 0.0200714 0.0641287
 0.0863009 0.126371 0.209983 0.223477 0.102736 0.106076 0.0688844 0.0210645 0.012245 0.0428633
 0.111704 0.116886 0.184501 0.244052 0.167488 0.0607365 0.048895 0.0312172 0.00954606 0.0249741
 0.0999229 0.157758 0.176997 0.218146 0.181601 0.0938428 0.0252229 0.0198382 0.0126658 0.0140059
 0.0737494 0.141848 0.240222 0.210664 0.163194 0.102353 0.039059 0.0101658 0.00799558 0.0107497
 0.0581757 0.109706 0.225306 0.293436 0.158756 0.0892303 0.0397824 0.0147154 0.00382996 0.00706227
 0.0793044 0.0892009 0.179386 0.281947 0.224763 0.0870854 0.0342047 0.0146667 0.00542517 0.00401566
 0.122641 0.120357 0.144389 0.222307 0.213851 0.122147 0.0330589 0.0124645 0.00534466 0.00344032
 0.150552 0.171338 0.17968 0.166149 0.157817 0.11051 0.0448191 0.0116477 0.00439163 0.00309522
 0.123622 0.196421 0.238974 0.193489 0.110694 0.0768879 0.0384677 0.0150288 0.00390573 0.0025105
 0.0785155 0.158742 0.27042 0.25666 0.130153 0.0557896 0.0283933 0.0136927 0.00534956 0.00228388
 0.0535714 0.110206 0.237871 0.311404 0.182153 0.0668967 0.0203391 0.0100269 0.00483547 0.00269569
 0.0526202 0.0797278 0.175927 0.296662 0.243483 0.107019 0.0288483 0.00843297 0.00415733 0.00312256
 0.0457837 0.0850637 0.138455 0.240079 0.256132 0.160405 0.0527772 0.0137925 0.00403184 0.00348055
 0.0377317 0.0748055 0.15013 0.195855 0.22001 0.187643 0.0923705 0.029533 0.00771797 0.00420376
 0.0542815 0.0606205 0.130157 0.211397 0.181158 0.166724 0.115128 0.0555869 0.0177724 0.00717428
 0.0548693 0.0854463 0.103656 0.1821 0.19701 0.142031 0.108957 0.0740978 0.0357764 0.016056
 0.0490187 0.0850627 0.1441 0.143801 0.169572 0.156451 0.0955643 0.0725628 0.0493475 0.0345192
TCwt
 400
TSwt
 100 50
CPwt
 75
SPwt
 50 50
nBpen
 0
lBpen
 0
Bthres
 1e-07
Bwt
 1e+15
Ywt
 0
Rwt
 100
Rthres
 1
TCres
 5.20483
CPmulti
 1984.54
CPideal
 1909.44
TSresA
 319.402 90.7401
TSresB
 317.604 90.4038
SPmulti
 3156.81 3177.33
SPideal
 2994.61 2984.08
tYpen
 0
tRpen
 0
Devs
 1.153e-14
ofvsp
 8734.03
ofvsp_ideal
 845.896
